1.450199998272078972e+01
1.451392865960297485e+01
1.452772151435258863e+01
1.453938529352037357e+01
1.455457183949829236e+01
1.456362103086376969e+01
1.457218154505621044e+01
1.458513358274930205e+01
1.459323801266417320e+01
1.460537072905977496e+01
1.461341087143567030e+01
1.462187029415259154e+01
1.462930643660865115e+01
1.464547246869098629e+01
1.465447661188996165e+01
1.466297995276626409e+01
1.467022210754964284e+01
1.467707097586150233e+01
1.468337228073848699e+01
1.469099623425662671e+01
1.469672886896457165e+01
1.470236997927049316e+01
1.470882633911682724e+01
1.471542876315868220e+01
1.472158323147202097e+01
1.472757634341349231e+01
1.473488969152496786e+01
1.474057472843067451e+01
