4.539986733805888798e+04
4.527885630744593072e+04
4.514111657209199620e+04
4.487717546447095810e+04
4.478894360803206655e+04
4.461812869654654060e+04
4.450757072635873192e+04
4.441463815746772161e+04
4.427183900909857039e+04
4.414211226718906983e+04
4.391020267929530382e+04
4.368271601338411710e+04
4.341522474267138750e+04
4.317324069050575054e+04
4.311279027940542437e+04
4.298456415362611733e+04
4.292814198095296888e+04
4.282330244098753610e+04
4.276789150759991753e+04
4.249390008039064560e+04
4.230845275041747664e+04
4.218564338775149372e+04
4.210333968129719142e+04
4.198378550082510628e+04
4.185586758384051791e+04
4.172960043048590160e+04
4.163320286551378376e+04
4.156662592913895787e+04
4.147776629019829124e+04
4.129221029288988939e+04
4.117759537520339654e+04
4.106285257319741504e+04
4.103637497320459806e+04
4.082117538709874498e+04
4.070525345337796170e+04
4.057351174866953806e+04
4.044130992163303745e+04
4.028012464063247899e+04
4.011814696996336716e+04
4.002992048651149526e+04
3.980060677437131380e+04
3.956907679896063200e+04
3.953469619701631746e+04
3.945351639826520841e+04
3.935714169611640682e+04
3.923197450852596376e+04
3.908542971755112376e+04
3.893845961164480832e+04
3.878867297454445361e+04
3.863860889642659458e+04
3.857716038795469649e+04
3.849399479674595204e+04
3.842297067006395082e+04
3.826996604481228132e+04
3.811480836616391753e+04
3.796073713282534300e+04
3.780889172750276339e+04
3.766102174339238263e+04
3.754814520498179627e+04
3.752060081933774927e+04
3.748503839524586510e+04
3.729388054720683431e+04
3.715848321593485161e+04
3.703214145270048903e+04
3.691428753220295039e+04
3.680378444053004932e+04
3.671091177449718089e+04
3.662291861077038629e+04
3.651385589742529555e+04
3.648108890730750136e+04
3.644137576096325938e+04
3.639099538582599052e+04
3.635197256692354131e+04
3.632051714383834042e+04
3.629596824196521629e+04
3.627441988311809109e+04
3.625375672630741610e+04
3.623631888505943789e+04
3.621943422000708961e+04
3.620370468417998927e+04
3.618861485404183622e+04
3.617421095919355139e+04
3.616061357410946221e+04
3.614748077722165181e+04
3.613521023856071406e+04
3.612694782863285218e+04
3.611045184165833052e+04
3.609485811470050248e+04
3.608277015551697696e+04
3.606976122831435350e+04
3.605726464889055205e+04
3.604380686868443445e+04
3.604129307600421453e+04
3.602789195428480161e+04
3.602331308764115238e+04
3.601870281083654118e+04
