2.091202897636815905e+01
2.091629909109501639e+01
2.092002240991986639e+01
2.092297160189811578e+01
2.092558715133554159e+01
2.092893932351504560e+01
2.093226106676360132e+01
2.093613286656932360e+01
2.093988407820065945e+01
2.094216223650428432e+01
2.094590028624558897e+01
2.094816344402922326e+01
2.095079235858980482e+01
2.095323350100860083e+01
2.095671055373656699e+01
2.096156493462462933e+01
2.096419408722220012e+01
2.096629036533737889e+01
2.096849270588502279e+01
2.097132801507211752e+01
2.097367253235519513e+01
2.097575129767416158e+01
2.097967572252726853e+01
2.098179130114080237e+01
2.098567247147012793e+01
