1.227768813152553048e+04
1.227810589443403296e+04
1.227856653112423191e+04
1.227934822761348005e+04
1.227958818399367738e+04
1.227994904047279852e+04
1.228010627850133642e+04
1.228020287686880147e+04
1.228029750248003074e+04
1.228032564596571501e+04
1.228026256884777285e+04
1.228004846481864115e+04
1.227917898146508014e+04
1.227772303232436752e+04
1.227732881234897650e+04
1.227644841636968340e+04
1.227601997785304229e+04
1.227511018651393351e+04
1.227455551921290862e+04
1.227087810719236040e+04
1.226740315824587196e+04
1.226495764932724705e+04
1.226331173220774144e+04
1.226090202934704394e+04
1.225835397580822973e+04
1.225588944398644708e+04
1.225405176290025156e+04
1.225281385418148420e+04
1.225121482101448055e+04
1.224817953894989296e+04
1.224656336002829630e+04
1.224516238138479639e+04
1.224487263427945254e+04
1.224310419347426796e+04
1.224255967127026452e+04
1.224215424214951963e+04
1.224197276003750994e+04
1.224205775895704210e+04
1.224248646259465568e+04
1.224286736020642820e+04
1.224434172418599519e+04
1.224651704304620398e+04
1.224689654631766825e+04
1.224785060356786380e+04
1.224908717089586207e+04
1.225085970813327367e+04
1.225316976596997665e+04
1.225573055312841279e+04
1.225858395644601114e+04
1.226167737471690089e+04
1.226300956640793265e+04
1.226487173399144740e+04
1.226651489228218452e+04
1.227021706685327081e+04
1.227419583001307365e+04
1.227838438447373301e+04
1.228279692848401100e+04
1.228744659906866582e+04
1.229130910559095537e+04
1.229230100623871840e+04
1.229361201303887174e+04
1.230127282264272981e+04
1.230745024994736741e+04
1.231386893900164796e+04
1.232053037253816728e+04
1.232740857567229614e+04
1.233373211310122497e+04
1.234023012498577918e+04
1.235055683164385482e+04
1.235459442658999069e+04
1.235981392879770283e+04
1.236768710630878559e+04
1.237651839698496406e+04
1.238631090935001521e+04
1.239678637686228285e+04
1.240697263738212678e+04
1.241721857201941566e+04
1.242668337373745817e+04
1.243618184481813478e+04
1.244575096656096321e+04
1.245537601760960933e+04
1.246502722685216941e+04
1.247474431347536847e+04
1.248447166106316581e+04
1.249426781924322131e+04
1.250127233533614162e+04
1.251648492274982891e+04
1.253171977638300814e+04
1.254404438918372216e+04
1.255776048251657630e+04
1.257144545601571554e+04
1.258621991255989997e+04
1.258877190910670288e+04
1.260552089953135146e+04
1.261226433792100033e+04
1.261980063308164245e+04
