1.471349868061943411e+01
1.471938123401710641e+01
1.472553344328971825e+01
1.473015443431071247e+01
1.473530861756756316e+01
1.473788178616646860e+01
1.473994965074002117e+01
1.474235451691661147e+01
1.474338514706768066e+01
1.474418963604542654e+01
1.474419911542844197e+01
1.474372330421131316e+01
1.474286557126151642e+01
1.473944195697004034e+01
1.473651005945633230e+01
1.473298866297124299e+01
1.472936002718523696e+01
1.472534828882407609e+01
1.472111693256733211e+01
1.471524144942432777e+01
1.471022813929904238e+01
1.470474895414908723e+01
1.469775060166237601e+01
1.468970577817520962e+01
1.468130308884265922e+01
1.467217894534502243e+01
1.465960779588389151e+01
1.464857925291362051e+01
