1.569720218773429906e+03
1.569406653964960242e+03
1.568883682298391932e+03
1.568297845814509401e+03
1.567322121589941844e+03
1.566617745757832608e+03
1.565860954047949463e+03
1.564537216405203708e+03
1.563591845953545544e+03
1.561994261771227457e+03
1.560806279218820464e+03
1.559436401400178738e+03
1.558123718366013009e+03
1.554885061718508496e+03
1.552828113433697581e+03
1.550699756011642648e+03
1.548731635873886262e+03
1.546727149948115539e+03
1.544749504137019358e+03
1.542170096341163571e+03
1.540083570514729217e+03
1.537895566643650000e+03
1.535211773403849747e+03
1.532247974258558997e+03
1.529262134108808596e+03
1.526122049975281016e+03
1.521935416778870604e+03
1.518370732009813992e+03
