1.583850486002030084e+04
1.583000789566127605e+04
1.582044787881078810e+04
1.580243654466245971e+04
1.579651890996031216e+04
1.578508118083892623e+04
1.577767894680921745e+04
1.577146794593362938e+04
1.576192873676551608e+04
1.575322267643468149e+04
1.573757900961002997e+04
1.572178154797770185e+04
1.569877874138282459e+04
1.567228453721235019e+04
1.566546402767260952e+04
1.565065647789511786e+04
1.564372561872804727e+04
1.562962643933190520e+04
1.562140305486477700e+04
1.557118757824063687e+04
1.552499961772697134e+04
1.549206624659951740e+04
1.546950379971721122e+04
1.543561554940844508e+04
1.539881880038631425e+04
1.536189666654529174e+04
1.533330982185920220e+04
1.531351741428764581e+04
1.528679068666076273e+04
1.522847861500044019e+04
1.519121134905992949e+04
1.515333103315166409e+04
1.514449149712238250e+04
1.507128362913573983e+04
1.503124654218281830e+04
1.498551604646659325e+04
1.493966530165180484e+04
1.488372498990592430e+04
1.482756411381865473e+04
1.479709336014281143e+04
1.471804911679964243e+04
1.463867017016577665e+04
1.462690542324735543e+04
1.459917164361270261e+04
1.456635071877572409e+04
1.452388403094412206e+04
1.447436619116639849e+04
1.442498785414254235e+04
1.437500486281543999e+04
1.432522677915031636e+04
1.430494797361828751e+04
1.427760032816907915e+04
1.425432031001778523e+04
1.420439439698319256e+04
1.415406183136541949e+04
1.410404979657665172e+04
1.405411523321956338e+04
1.400402223016332937e+04
1.396411289443918577e+04
1.395408877499519986e+04
1.394097032107476480e+04
1.386706917827394864e+04
1.381042974693344513e+04
1.375388040038634244e+04
1.369738726498518008e+04
1.364102231488079997e+04
1.359084495652867372e+04
1.354074310057434741e+04
1.346623768882634977e+04
1.343830045146423072e+04
1.340272876668372191e+04
1.335079527996812794e+04
1.329578365869925256e+04
1.323789808983069270e+04
1.317751153432481806e+04
1.311933869562995642e+04
1.306122562767098316e+04
1.300783436988857648e+04
1.295454068090893088e+04
1.290106933203797598e+04
1.284750425303796146e+04
1.279399136387258841e+04
1.274023597388074268e+04
1.268658937810146563e+04
1.263262131704623971e+04
1.259400484262532518e+04
1.251024510959363579e+04
1.242641704317677795e+04
1.235855220331081546e+04
1.228292666888560598e+04
1.220729703490596148e+04
1.212545997826233179e+04
1.211131226970023999e+04
1.201736148802732896e+04
1.197914332306248616e+04
1.193596183080082665e+04
