1.083600437466695803e+04
1.089861352558684302e+04
1.095304420443868366e+04
1.099604836210324720e+04
1.103410433985002783e+04
1.108276111984449926e+04
1.113084327692116676e+04
1.118671552762445936e+04
1.124066554232973067e+04
1.127334008934026315e+04
1.132680157884860273e+04
1.135907536696103125e+04
1.139647382842927436e+04
1.143111130032841174e+04
1.148029402913199920e+04
1.154864707398421342e+04
1.158551008775074115e+04
1.161481998499931251e+04
1.164553283858665782e+04
1.168494907453503765e+04
1.171743440355389430e+04
1.174615361547311477e+04
1.180014994690071580e+04
1.182913439047333486e+04
1.188207392593751501e+04
