1.878886833870907580e+01
1.879187657523695520e+01
1.879495029396014516e+01
1.879769145562454824e+01
1.880035479884778837e+01
1.880409517850539913e+01
1.880817317434671310e+01
1.881340706856910927e+01
1.881898684330413474e+01
1.882262699263674577e+01
1.882902349932776787e+01
1.883315844535124128e+01
1.883821656153305568e+01
1.884316431339683362e+01
1.885064017025684535e+01
1.886194913119210170e+01
1.886851367578546146e+01
1.887397620805762344e+01
1.887993869681887205e+01
1.888796061393927062e+01
1.889489566658783204e+01
1.890127909616147051e+01
1.891394952775524985e+01
1.892112617140181285e+01
1.893494721887051924e+01
