1.355420342259236755e+01
1.356864576020162616e+01
1.358879988539452910e+01
1.360499843175213641e+01
1.362005002239495610e+01
1.363718525707732709e+01
1.365362559939234544e+01
1.366813962357749901e+01
1.368542579727320252e+01
1.370468304049274444e+01
1.372255040458452058e+01
1.375565291669699342e+01
1.377438742651905201e+01
1.379398905815854270e+01
1.381794328121792681e+01
1.383715694407222863e+01
1.387073163655407804e+01
1.389152467139889424e+01
1.391852774683998462e+01
1.393929169786704136e+01
