6.081322621046041377e+00
6.082022889252996833e+00
6.082731437167152144e+00
6.083449674558704778e+00
6.084176613473668560e+00
6.084912651779193382e+00
6.085658306918927174e+00
6.086412222439827602e+00
6.087175284880228077e+00
6.087947901925270244e+00
6.088728426874943978e+00
6.089518198213778710e+00
6.090317325247577074e+00
6.091123985929265849e+00
6.091939958222250873e+00
6.092765042499656225e+00
6.093597361246056110e+00
6.094439072331746310e+00
6.095289612936001689e+00
6.096147015871125951e+00
6.097013733569592198e+00
6.097888906975602374e+00
6.098770684372487594e+00
6.099661855838304447e+00
6.100561086606311356e+00
6.101466542475004751e+00
6.102381342351251625e+00
6.103303706978562282e+00
6.104232073308518913e+00
6.105169888491232655e+00
6.106114593418126901e+00
6.107064972849665097e+00
6.108024824245635642e+00
6.108990709891698678e+00
6.109962240498809649e+00
6.110943324758787654e+00
6.111929180014897156e+00
6.112921440546760898e+00
6.113922613396455930e+00
6.114924909586741286e+00
6.115972511530324063e+00
