1.703890538782893145e+03
1.713011743278998665e+03
1.717962256580294024e+03
1.723729708415893356e+03
1.729687909030809578e+03
1.733423697709562020e+03
1.737826442825987897e+03
1.745119022143021766e+03
1.749245880789133480e+03
1.752744258078111898e+03
1.756541520202607217e+03
1.760188154059913359e+03
1.762906614477854646e+03
1.765661182766483989e+03
1.769394106097324084e+03
1.771875081473169075e+03
1.774277645220328168e+03
1.776608196213289602e+03
1.778890708095595528e+03
1.781280249772760726e+03
1.783771106504923864e+03
1.785415901691724002e+03
1.787432335973212275e+03
1.789267656346355579e+03
1.791152635450492426e+03
1.793315285538978515e+03
1.794515067654659106e+03
1.796023518917384536e+03
