5.292416624042535659e+03
5.289483763357029602e+03
5.285702468745142141e+03
5.282155650319226879e+03
5.277019715275366252e+03
5.273660308341604832e+03
5.270262337442602075e+03
5.264686591909132403e+03
5.260912985009523254e+03
5.254820322690987268e+03
5.250468390137991264e+03
5.245597813037829837e+03
5.241052505160169858e+03
5.230235011181983282e+03
5.223594403137768495e+03
5.216871246380021148e+03
5.210767237915023543e+03
5.204646343365142457e+03
5.198690345632758181e+03
5.191030248424132878e+03
5.184912922206995063e+03
5.178565457623341899e+03
5.170863929730488962e+03
5.162454865014657116e+03
5.154073697898097635e+03
5.145346773072699762e+03
5.133834484940438415e+03
5.124131000595851219e+03
