2.707878261751591964e+01
2.707510006147122184e+01
2.707061685023482056e+01
2.706749713802298274e+01
2.706493866478247767e+01
2.706238371246516294e+01
2.706025551255011052e+01
2.705861580490546814e+01
2.705693045119241802e+01
2.705536625016254604e+01
2.705418495600217099e+01
2.705261321979618927e+01
2.705204482735161520e+01
2.705167562833735317e+01
2.705151376663423335e+01
2.705159714268730653e+01
2.705216031380257746e+01
2.705275501354959644e+01
2.705378557633097358e+01
2.705476366267285115e+01
