1.074976559458475458e+04
1.063947245974601537e+04
1.054457655485280156e+04
1.047027717963794930e+04
1.040503992893212671e+04
1.032235398861578869e+04
1.024146895274071358e+04
1.014854851232152214e+04
1.005996061150414789e+04
1.000687093354940953e+04
9.920957900346105816e+03
9.869684210888526650e+03
9.810844561664656794e+03
9.756916852284046399e+03
9.681315936141836573e+03
9.578232309013712438e+03
9.523644334012278705e+03
9.480766072368853202e+03
9.436350354289124880e+03
9.380146630321229168e+03
9.334524681082708412e+03
9.294736779836506685e+03
9.221373516361858492e+03
9.182803668612979891e+03
9.113896268978507578e+03
