2.414962394723895613e+03
2.438975665709281657e+03
2.452490194146223985e+03
2.468716157070976806e+03
2.486085537569904773e+03
2.497326552108826490e+03
2.510959905381952012e+03
2.534584108293869122e+03
2.548616255627990995e+03
2.560945169950252875e+03
2.574836512873673655e+03
2.588743658104097449e+03
2.599521870855826364e+03
2.610849058607609095e+03
2.626949276030513374e+03
2.638203883567424327e+03
2.649596317094548340e+03
2.661184759384514564e+03
2.673135413131008136e+03
2.686407293516738719e+03
2.701260394792564057e+03
2.711774087709581636e+03
2.725631959140886920e+03
2.739435307027420549e+03
2.755226248042082261e+03
2.776398667858983117e+03
2.790432612896747742e+03
2.812589473846583132e+03
