1.007603476903622322e+03
1.008503174508966481e+03
1.009682378998652098e+03
1.010573866698968686e+03
1.011362623978950182e+03
1.012218944325915231e+03
1.013002932411543838e+03
1.013667231565162410e+03
1.014427276091785984e+03
1.015237521842477918e+03
1.015957865948872040e+03
1.017220650158828221e+03
1.017897955768109682e+03
1.018580367511219947e+03
1.019380640930078471e+03
1.019997727777558907e+03
1.021027465086010011e+03
1.021636568909041330e+03
1.022397533530263559e+03
1.022961071858812147e+03
