1.866407704982976429e+04
1.866812155629752669e+04
1.867271692717687256e+04
1.868138515831476980e+04
1.868424881071602067e+04
1.868968758747181710e+04
1.869314672318756857e+04
1.869603233963249659e+04
1.870043653270644791e+04
1.870440700562008351e+04
1.871145034942975326e+04
1.871843315901860115e+04
1.872774393575592694e+04
1.873778800895644963e+04
1.874035242387268590e+04
1.874585701069735660e+04
1.874838364316626394e+04
1.875339762214449365e+04
1.875623835034656076e+04
1.877216519065148532e+04
1.878541082012650804e+04
1.879457157765626107e+04
1.880074045519026913e+04
1.880983512858444738e+04
1.881955590238190416e+04
1.882916475437876943e+04
1.883649251066926081e+04
1.884152398173920301e+04
1.884822749429822215e+04
1.886219359348983562e+04
1.887074492496986204e+04
1.887919823533519229e+04
1.888113255226981710e+04
1.889664272099771551e+04
1.890479319351816957e+04
1.891393029147743073e+04
1.892293289273764458e+04
1.893369735931818650e+04
1.894427444841144097e+04
1.894991325038481227e+04
1.896422609441128225e+04
1.897819124072206250e+04
1.898023312546114903e+04
1.898500985640826184e+04
1.899059858194272965e+04
1.899773735683740597e+04
1.900592062186363910e+04
1.901394235084202228e+04
1.902191940367584903e+04
1.902972932490002495e+04
1.903287527630630211e+04
1.903708231204913318e+04
1.904063247933290404e+04
1.904815915951862553e+04
1.905562076642279135e+04
1.906291552452385076e+04
1.907008481281713102e+04
1.907716526097214592e+04
1.908273042091640309e+04
1.908411725478725566e+04
1.908592579073528032e+04
1.909599256883246198e+04
1.910356541584849037e+04
1.911100707907333708e+04
1.911832424771276419e+04
1.912551579628206309e+04
1.913182498873172881e+04
1.913804167998899356e+04
1.914695429926838187e+04
1.915019062337484866e+04
1.915425885611707781e+04
1.916004982290008775e+04
1.916590068613947733e+04
1.917178336052894883e+04
1.917771595808721395e+04
1.918333572851875579e+04
1.918889828253800442e+04
1.919393874284566118e+04
1.919893264705235924e+04
1.920389165852046062e+04
1.920880548778956654e+04
1.921368486730180302e+04
1.921852840762819687e+04
1.922333567110674994e+04
1.922811853305396289e+04
1.923147382693110558e+04
1.923872295456993379e+04
1.924590916846318214e+04
1.925166254552014288e+04
1.925802555556603329e+04
1.926433948915166184e+04
1.927112813974661913e+04
1.927229515615953642e+04
1.927995849448266381e+04
1.928304401809452247e+04
1.928647032948405467e+04
