6.136253251188869662e+00
6.136686662191696229e+00
6.137124985472295791e+00
6.137536106589848828e+00
6.137893658109430106e+00
6.138259030950957040e+00
6.138598208306762061e+00
6.138872412965651115e+00
6.139155751655191118e+00
6.139427599019391835e+00
6.139620990998459149e+00
6.139815367893963760e+00
6.140021541641429437e+00
6.140142667646270702e+00
6.140242784387321073e+00
6.140379999331419647e+00
6.140441182427998079e+00
6.140447985920496343e+00
6.140508433977100111e+00
6.140521546259216201e+00
6.140444632391125701e+00
6.140419026745167486e+00
6.140391320911488648e+00
6.140248381078944995e+00
6.140130428163956822e+00
6.140062266079168829e+00
6.139876679441437446e+00
6.139668215067804802e+00
6.139551923175684323e+00
6.139345061574665863e+00
6.139059933899798871e+00
6.138888978258632889e+00
6.138677209202998419e+00
6.138335744589026532e+00
6.138107430567426803e+00
6.137899397684384972e+00
6.137522841397778706e+00
6.137259775357297720e+00
6.137042508705289556e+00
6.136585636919620335e+00
6.137515452140916317e+00
