6.088282496574999314e+00
6.088370722896282672e+00
6.088459219601725536e+00
6.088549426714390478e+00
6.088640383085003549e+00
6.088732517961350510e+00
6.088826384908423428e+00
6.088920659668825230e+00
6.089016267624073997e+00
6.089113657036891780e+00
6.089211219833705613e+00
6.089310340261294030e+00
6.089411173605389749e+00
6.089511943015765816e+00
6.089614478814098675e+00
6.089718632954360444e+00
6.089822579494213350e+00
6.089928534932599113e+00
6.090035993723615704e+00
6.090143046695344786e+00
6.090252211271534932e+00
6.090362691411256968e+00
6.090472699904555753e+00
6.090585098430205235e+00
6.090698621305244309e+00
6.090811505703115358e+00
6.090926949077527297e+00
6.091043247655577808e+00
6.091158917127295069e+00
6.091277490257074767e+00
6.091396489539351755e+00
6.091514786002194093e+00
6.091636269717362495e+00
6.091757590642666642e+00
6.091878453775033009e+00
6.092002867443572889e+00
6.092126143553053375e+00
6.092250020422521395e+00
6.092377110572476440e+00
6.092499729285800747e+00
6.092662176612367197e+00
