2.464486810062092263e+04
2.465358295243325119e+04
2.466336835556763617e+04
2.468151323859388140e+04
2.468742859746667818e+04
2.469845962094666538e+04
2.470528630396852896e+04
2.471087680981713129e+04
2.471927109544441191e+04
2.472669501294930524e+04
2.473938562627628562e+04
2.475142710024548796e+04
2.476652505324032245e+04
2.478131924691027598e+04
2.478497716976200900e+04
2.479265858589361960e+04
2.479605736240302940e+04
2.480249718325174763e+04
2.480597296434666350e+04
2.482336654982120308e+04
2.483509683327449966e+04
2.484239623627628680e+04
2.484696663246546086e+04
2.485317390107834581e+04
2.485930422108528364e+04
2.486486443552657875e+04
2.486876362896217688e+04
2.487128588826875421e+04
2.487437590053030726e+04
2.487920297092622059e+04
2.488103890771414444e+04
2.488214425631539780e+04
2.488228616585924829e+04
2.488163364171387002e+04
2.488016739917243467e+04
2.487793485319414322e+04
2.487518615080871677e+04
2.487114292694107644e+04
2.486637582151595052e+04
2.486349658123126210e+04
2.485516351803189900e+04
2.484559581658301613e+04
2.484408192482175582e+04
2.484041729986004430e+04
2.483590798899500442e+04
2.482981145144236507e+04
2.482234347318623986e+04
2.481452265302592423e+04
2.480625215607129576e+04
2.479767192109067037e+04
2.479408483181496922e+04
2.478916554570713924e+04
2.478490382238569873e+04
2.477554828053593155e+04
2.476583346257141602e+04
2.475590060577272016e+04
2.474573899491622433e+04
2.473529900094098048e+04
2.472681967248687943e+04
2.472466896070479197e+04
2.472184126625503995e+04
2.470563583257058053e+04
2.469292914396936249e+04
2.468001571698342377e+04
2.466690316331218128e+04
2.465362671986188070e+04
2.464165605368668184e+04
2.462956342315428265e+04
2.461095055836300889e+04
2.460375514731343719e+04
2.459453268514974843e+04
2.458081439962777586e+04
2.456568393749248207e+04
2.454924538988896529e+04
2.453177997242534911e+04
2.451488280863587352e+04
2.449800171653251527e+04
2.448246953496184506e+04
2.446699042228241888e+04
2.445146290758422401e+04
2.443591610551596023e+04
2.442041993610338614e+04
2.440486297881197606e+04
2.438937466867429976e+04
2.437382807219767346e+04
2.436270947761889329e+04
2.433869352721123869e+04
2.431476564551698175e+04
2.429547553724376121e+04
2.427407356647125562e+04
2.425277415511692016e+04
2.422986439219815657e+04
2.422592625451720232e+04
2.419978034915024909e+04
2.418917107655090149e+04
2.417716928714431197e+04
