6.827044397501898629e+02
6.834113948883523335e+02
6.844023489416013035e+02
6.852020610898049426e+02
6.859474354275283758e+02
6.867983978090476285e+02
6.876170218459242278e+02
6.883413341965016343e+02
6.892057862453435746e+02
6.901709132709750065e+02
6.910681970084046952e+02
6.927347211141363914e+02
6.936800552756830029e+02
6.946706590588671588e+02
6.958831727473497040e+02
6.968571614582497205e+02
6.985619516525918016e+02
6.996193920817100889e+02
7.009943824152205707e+02
7.020529252288279167e+02
