4.012055215914821815e+01
4.012562083616751352e+01
4.013071819085741510e+01
4.013584459879080413e+01
4.014099887528134047e+01
4.014618000679225673e+01
4.015138702006434102e+01
4.015661895185624530e+01
4.016187489598994631e+01
4.016715392870452206e+01
4.017245517450716363e+01
4.017777773980468226e+01
4.018312076245653230e+01
4.018848338957124611e+01
4.019386477135383018e+01
4.019926408608850465e+01
4.020468049988754444e+01
4.021011320975129166e+01
4.021556141395695505e+01
4.022102433015397338e+01
4.022650119929594581e+01
4.023199126304577078e+01
4.023749379541619930e+01
4.024300806815723064e+01
4.024853337387467889e+01
4.025406901980606023e+01
4.025961430376938921e+01
4.026516855721395416e+01
4.027073109359955083e+01
4.027630124611990681e+01
4.028187834642458398e+01
4.028746171795531694e+01
4.029305070213790430e+01
4.029864461214459936e+01
4.030424279948804411e+01
4.030984457611732807e+01
4.031544927409616008e+01
4.032105620061665263e+01
4.032666465410040502e+01
4.033227400067195845e+01
4.033788209003294867e+01
