1.564760472285742665e+01
1.567210084074537413e+01
1.568696120986531817e+01
1.570583859925377546e+01
1.572731318089382668e+01
1.574191709381056903e+01
1.576038155774244487e+01
1.579435453117936028e+01
1.581573626981476188e+01
1.583527200062604123e+01
1.585813207293298710e+01
1.588192835862254704e+01
1.590100359780817918e+01
1.592165166511981411e+01
1.595207161188091050e+01
1.597409085554552632e+01
1.599701883881461661e+01
1.602100714820043237e+01
1.604645534670544293e+01
1.607557065487617720e+01
1.610923198749091512e+01
1.613375418599635580e+01
1.616696652440656834e+01
1.620106550028945236e+01
1.624133522254679107e+01
1.629747115421959691e+01
1.633605322775783364e+01
1.639923292132498034e+01
