1.520482682974298072e+01
1.522515081626251998e+01
1.524281725842920387e+01
1.525677319630913686e+01
1.526912193854385791e+01
1.528490856832718769e+01
1.530050653523577076e+01
1.531862873839100203e+01
1.533612439479540690e+01
1.534671902715675884e+01
1.536405119861448298e+01
1.537451273909494809e+01
1.538663388598535064e+01
1.539785863902300633e+01
1.541379435675581711e+01
1.543593609490656604e+01
1.544787448842569333e+01
1.545736532453875256e+01
1.546730906062716038e+01
1.548006848702199711e+01
1.549058242177270017e+01
1.549987597372044767e+01
1.551734531406897943e+01
1.552672041170366413e+01
1.554383968975375652e+01
