2.000000019605508328e+01
2.000429152966546553e+01
2.000891957143801392e+01
2.001388931253299575e+01
2.001920193378109047e+01
2.002485702603706841e+01
2.003085225143682635e+01
2.003718326589712717e+01
2.004384358568916014e+01
2.005082445687733639e+01
2.005811472257990147e+01
2.006570072419454220e+01
2.007356615439329062e+01
2.008169194662343671e+01
2.009005615664963784e+01
2.009863386208442648e+01
2.010739702253452776e+01
2.011631439268950317e+01
2.012535144824558131e+01
2.013447023700265959e+01
2.014362890616214941e+01
