1.040588366870587379e+03
1.039359872760596772e+03
1.037742147948667025e+03
1.036513185814349754e+03
1.035421391300705864e+03
1.034231162735348107e+03
1.033136816623662753e+03
1.032205931079051879e+03
1.031136669420174712e+03
1.029991652904019702e+03
1.028969063340567800e+03
1.027165420694098884e+03
1.026191960979069108e+03
1.025206672479468580e+03
1.024045229233919599e+03
1.023145052260215039e+03
1.021633563469388832e+03
1.020733725029293396e+03
1.019603194230226450e+03
1.018761228869465526e+03
