2.119204244879566090e+01
2.120962870652438070e+01
2.122485266197798026e+01
2.123683630969838632e+01
2.124740737033419435e+01
2.126087552798495039e+01
2.127413045290291649e+01
2.128946262122734723e+01
2.130419266530088507e+01
2.131307683327224822e+01
2.132755042691791303e+01
2.133624907956480499e+01
2.134629113863509531e+01
2.135555450070673800e+01
2.136864389695402622e+01
2.138670480765608062e+01
2.139637904528312973e+01
2.140403657299046714e+01
2.141202679607955162e+01
2.142222880787097949e+01
2.143059097473525298e+01
2.143794787818223213e+01
2.145168505177746709e+01
2.145900570376378624e+01
2.147227555130676180e+01
