5.980671492128691170e+03
5.978486741831377913e+03
5.976072084939029082e+03
5.971623165011755191e+03
5.970195411488280115e+03
5.967508587208152676e+03
5.965829137216646814e+03
5.964456981523909235e+03
5.962415375962131293e+03
5.960622186928003430e+03
5.957552693819628985e+03
5.954672057820646842e+03
5.951190164397943590e+03
5.947880765329176029e+03
5.947072677745292822e+03
5.945400252902612010e+03
5.944677330874246763e+03
5.943351773382957617e+03
5.942668234088962890e+03
5.939902143920988237e+03
5.938950087206299031e+03
5.938641655444350363e+03
5.938585251656671971e+03
5.938734509105765028e+03
5.939111812265458866e+03
5.939706850253387529e+03
5.940312974705835586e+03
5.940796741285836106e+03
5.941571798141791078e+03
5.944025663937986792e+03
5.946100583528093011e+03
5.948518266884109835e+03
5.949130048566053119e+03
5.954976505945941426e+03
5.958640066624045176e+03
5.963035229541187618e+03
5.967630285497177283e+03
5.973493319785467065e+03
5.979640329327880863e+03
5.983084113496469399e+03
5.992327154803276244e+03
6.002049101013429208e+03
6.003526519967565036e+03
6.007043176313778531e+03
6.011265967639748851e+03
6.016825559726459687e+03
6.023434194106235736e+03
6.030156217508407281e+03
6.037085925722696629e+03
6.044104023182287165e+03
6.046995758945447960e+03
6.050923371171440522e+03
6.054290973768791446e+03
6.061587637966420516e+03
6.069041142799076624e+03
6.076536139353946965e+03
6.084102388856795187e+03
6.091767932683758772e+03
6.097927823027507657e+03
6.099481693170686412e+03
6.101519118413507385e+03
6.113088260341798559e+03
6.122044218078583071e+03
6.131050027059564854e+03
6.140109314711667139e+03
6.149198460675288516e+03
6.157335551072585986e+03
6.165499290072503754e+03
6.177909777405660861e+03
6.182615822889465562e+03
6.188625103235979623e+03
6.197508300799633616e+03
6.207228748781554714e+03
6.217812344770324671e+03
6.228980815377200088e+03
6.239736327921591510e+03
6.250463538343225082e+03
6.260294063503920370e+03
6.270091370413272671e+03
6.279894705153591531e+03
6.289691406640341484e+03
6.299456184935668716e+03
6.309231456716453977e+03
6.318963282170809180e+03
6.328715308047400868e+03
6.335660789714414932e+03
6.350670495510550609e+03
6.365608429587766295e+03
6.377630377816045439e+03
6.390950880880836849e+03
6.404186845622826695e+03
6.418418388598111960e+03
6.420869362062310756e+03
6.436972770016142022e+03
6.443456412732516583e+03
6.450716447639529179e+03
