3.951346183051158256e+00
3.956649629579662708e+00
3.962106015759154776e+00
3.967678445424356326e+00
3.973331094672118091e+00
3.979029160188546133e+00
3.984733875993982100e+00
3.990413027220825803e+00
3.996032881739195464e+00
4.001560705152799713e+00
4.006971162634681782e+00
4.012236010182063772e+00
4.017333350305941408e+00
4.022246268864126506e+00
4.026956119038678672e+00
4.031454592446332974e+00
4.035733026322615657e+00
4.039786374270569524e+00
4.043618649774296969e+00
4.047226642259707852e+00
4.050666718508389330e+00
