2.619780096457029117e+01
2.622320485288372893e+01
2.625269698667018758e+01
2.627774250477775198e+01
2.631050934848139988e+01
2.633012471193537962e+01
2.634874745617741709e+01
2.637705531849998764e+01
2.639485456228671012e+01
2.642163522715738466e+01
2.643947758773368051e+01
2.645833878529176886e+01
2.647499843029976674e+01
2.651149982130798932e+01
2.653201683403328204e+01
2.655152963628616902e+01
2.656826290636913512e+01
2.658419303077536355e+01
2.659894786569780933e+01
2.661693729630182048e+01
2.663057231311274720e+01
2.664408896739299593e+01
2.665969137287024537e+01
2.667580835130410577e+01
2.669099626078249798e+01
2.670595732620726181e+01
2.672447566085036996e+01
2.673909949146499798e+01
