5.074513394386484038e+02
5.090316158224035235e+02
5.111821969871236888e+02
5.128703687152611792e+02
5.144106294625316878e+02
5.161342886534092713e+02
5.177611039074471364e+02
5.191773660216553026e+02
5.208418241254418035e+02
5.226699479973300413e+02
5.243436144494994551e+02
5.273929519720529697e+02
5.290919609811447799e+02
5.308508057174557280e+02
5.329760827291814849e+02
5.346629884990774144e+02
5.375759429528253577e+02
5.393594500935215592e+02
5.416540857806201075e+02
5.434030618837230122e+02
