1.507093021708651804e+03
1.506941716822298758e+03
1.506758008694837145e+03
1.506630589468754351e+03
1.506526431984790861e+03
1.506422821416578472e+03
1.506336932497120415e+03
1.506271112199723120e+03
1.506203913760093428e+03
1.506142162247838996e+03
1.506096164643406610e+03
1.506036753127855718e+03
1.506016565052288115e+03
1.506004877338550614e+03
1.506002699166143202e+03
1.506009872358910116e+03
1.506039873896310382e+03
1.506068743281095294e+03
1.506117039730246233e+03
1.506161944068621096e+03
