3.312782668394307848e+02
3.315741872341989733e+02
3.319744291795665276e+02
3.322867426200955379e+02
3.325703448307872918e+02
3.328862731220640967e+02
3.331831254017189963e+02
3.334405599207174760e+02
3.337419777847233036e+02
3.340716912592799304e+02
3.343723737305462009e+02
3.349174851329666467e+02
3.352197680548356402e+02
3.355316707438296930e+02
3.359072237925771560e+02
3.362043216291589829e+02
3.367153890635526068e+02
3.370271293828116654e+02
3.374269678064843561e+02
3.377308240544091404e+02
