2.526065189095149981e+04
2.523834971418184068e+04
2.521357924965902930e+04
2.516787401283334839e+04
2.515313335018571888e+04
2.512533457323619950e+04
2.510789711813561371e+04
2.509358141947660260e+04
2.507210766857354974e+04
2.505303621966636638e+04
2.501996905050353598e+04
2.498817905533357043e+04
2.494602664485611240e+04
2.490159561645585563e+04
2.489044975283246458e+04
2.486670049055805794e+04
2.485588506559305461e+04
2.483455785896474481e+04
2.482249068933681701e+04
2.475281787446457383e+04
2.469309910462391053e+04
2.465192605728096896e+04
2.462433733718135409e+04
2.458383096490223397e+04
2.454077452369270395e+04
2.449851084223050202e+04
2.446641622809717956e+04
2.444447313523041157e+04
2.441528878693512161e+04
2.435377632576560791e+04
2.431580926167736470e+04
2.427820938316167303e+04
2.426957397093491454e+04
2.419999363418913708e+04
2.416327777983497799e+04
2.412214098004414336e+04
2.408170749450545554e+04
2.403343367860459330e+04
2.398608849354873018e+04
2.396087306377559435e+04
2.389690848423946227e+04
2.383468980378111155e+04
2.382563035040788236e+04
2.380443751595603680e+04
2.377965127746620055e+04
2.374804696389806486e+04
2.371183717494315351e+04
2.367639999131705190e+04
2.364120224036795844e+04
2.360678217623442106e+04
2.359294148803802091e+04
2.357444063707896566e+04
2.355883439716729845e+04
2.352580314063982951e+04
2.349311372346181815e+04
2.346119878071591302e+04
2.342989764661897425e+04
2.339903491212578228e+04
2.337482375384232364e+04
2.336879660310145482e+04
2.336094045882857972e+04
2.331729479933702896e+04
2.328456545061656288e+04
2.325249236989344718e+04
2.322105167084470668e+04
2.319024602086760933e+04
2.316329929378047382e+04
2.313681745471502654e+04
2.309856342150914134e+04
2.308456920898134922e+04
2.306694144057061931e+04
2.304166824954042386e+04
2.301543899481218250e+04
2.298831611491860531e+04
2.296061337055754484e+04
2.293429993127781563e+04
2.290834232312442327e+04
2.288480708429072547e+04
2.286156416232057745e+04
2.283852900988802139e+04
2.281571189080856129e+04
2.279315663048506758e+04
2.277075979471248138e+04
2.274861816043817817e+04
2.272659848504014008e+04
2.271103040635444268e+04
2.267762207234130256e+04
2.264463446091767764e+04
2.261825065507744148e+04
2.258914114170413814e+04
2.256032610519914670e+04
2.252945931659698908e+04
2.252416541168263939e+04
2.248906199651034694e+04
2.247483028698950147e+04
2.245875225692182357e+04
