2.089489301312388747e+01
2.093111773195791869e+01
2.095265904733301809e+01
2.097963507135953520e+01
2.100987353471165875e+01
2.103020190210001061e+01
2.105566527102041618e+01
2.110191367891436443e+01
2.113067645415228668e+01
2.115675322651313195e+01
2.118704660861534350e+01
2.121835258746006048e+01
2.124329515969421678e+01
2.127015427613845588e+01
2.130948241717689839e+01
2.133778511450512028e+01
2.136712119392650777e+01
2.139767754294874180e+01
2.142995206748841142e+01
2.146671210443441424e+01
2.150900935433589112e+01
2.153969632464731276e+01
2.158110074673068013e+01
2.162343549504403128e+01
2.167322097302368533e+01
2.174227547520836268e+01
2.178952296143790690e+01
2.186655276852390983e+01
