1.505898601241565871e+01
1.509713763353109073e+01
1.511780137896341358e+01
1.514183212559669833e+01
1.516660349659020923e+01
1.518210385934070139e+01
1.520033712594922726e+01
1.523044515722053305e+01
1.524742404988552380e+01
1.526177850967022565e+01
1.527731391091891489e+01
1.529218247175104572e+01
1.530322988946678642e+01
1.531438782672146637e+01
1.532944186427365274e+01
1.533939762833799136e+01
1.534899469305649156e+01
1.535825613411027923e+01
1.536727302679082285e+01
1.537664482983856473e+01
1.538632309367676321e+01
1.539265099067062081e+01
1.540032222044073862e+01
1.540719820978556065e+01
1.541411619059169702e+01
1.542178055950023641e+01
1.542582835306221689e+01
1.543051481147329973e+01
