1.918963873278975996e+01
1.895571669925559632e+01
1.868594978168571785e+01
1.845846143926500815e+01
1.816321056776468268e+01
1.798782539409571157e+01
1.782231278867455160e+01
1.757268560336894936e+01
1.741700680297281068e+01
1.718475724277264405e+01
1.703142315063960055e+01
1.687062515469420276e+01
1.672975931156287288e+01
1.642522758252978576e+01
1.625673274511790467e+01
1.609843394255932125e+01
1.596430316500856605e+01
1.583809199403677681e+01
1.572256334498143637e+01
1.558361336726533963e+01
1.547978582848220874e+01
1.537821404582133766e+01
1.526276001708879448e+01
1.514566707643651178e+01
1.503750862358666573e+01
1.493321761571929684e+01
1.480752649402275445e+01
1.471119684155385876e+01
