2.395311011155164849e+01
2.393261429122452100e+01
2.392177508602737745e+01
2.390943196565023143e+01
2.389703967295839959e+01
2.388947707346867233e+01
2.388079240723831731e+01
2.386702416409697491e+01
2.385962521471216391e+01
2.385360971372764993e+01
2.384738153829051654e+01
2.384173584521834144e+01
2.383777025572519648e+01
2.383399213288845431e+01
2.382931585989345535e+01
2.382653579221037532e+01
2.382413563425811631e+01
2.382212546825197208e+01
2.382051242606264196e+01
2.381927397534569124e+01
2.381858571143093783e+01
2.381854882356255132e+01
2.381907678278057006e+01
2.382026160515821189e+01
2.382243363346893616e+01
2.382673362026064012e+01
2.383047308228594829e+01
2.383784479672831580e+01
