1.800754175377538147e+01
1.816373670787808692e+01
1.820554677766649476e+01
1.806114752531435386e+01
1.800103672604863192e+01
1.792909316430418443e+01
1.792561765520131445e+01
1.794783800750081681e+01
1.801414931424276844e+01
1.808916583904656505e+01
1.819981112321978500e+01
1.823605974825996512e+01
1.820617743395544252e+01
1.818608120613034274e+01
1.819045767210001330e+01
1.821384093133274718e+01
1.822975187913451123e+01
1.826677196038371775e+01
1.828908430996585466e+01
1.839266593535296579e+01
1.843091422727155404e+01
1.845279398320906594e+01
1.847711366899921259e+01
1.853351556566984826e+01
1.861001784618821020e+01
1.867391483922799011e+01
1.870276513790635065e+01
1.871464510190304864e+01
1.872942067767579033e+01
1.880019008475090558e+01
1.887145455303918595e+01
1.893438878870959741e+01
1.894499377748662639e+01
1.898078677832334904e+01
1.900225527504738920e+01
1.906571052202500738e+01
1.915716776476682526e+01
1.924737780191141923e+01
1.929407989868317230e+01
1.932067174307414348e+01
1.946270436181039543e+01
1.962365313168729486e+01
1.963782922945345177e+01
1.966027731926538991e+01
1.967478804270759696e+01
1.969786063115856933e+01
1.975743370737426474e+01
1.984188035924816518e+01
1.991449373601509620e+01
1.995623784441639614e+01
1.996832861151736083e+01
1.998564552717544274e+01
2.000427893562520865e+01
2.006062480557540084e+01
2.013089755803719783e+01
2.019748666678561122e+01
2.025454448328341073e+01
2.030429859307468377e+01
2.033952415688652948e+01
2.034789711394460099e+01
2.035873903957160280e+01
2.042900045978718282e+01
2.051145265545527963e+01
2.061089067183893775e+01
2.069252919742516994e+01
2.074786481247642556e+01
2.080486002386832567e+01
2.089061774480570222e+01
2.102024052241091567e+01
2.105025284178097422e+01
2.107388144643207184e+01
2.110155130751971697e+01
2.115554268549795935e+01
2.124010993001251180e+01
2.132031942892383469e+01
2.136427581101649764e+01
2.138685800178119933e+01
2.141954767673353288e+01
2.148022079308303844e+01
2.155496879862968740e+01
2.161382246027641685e+01
2.164144363311240937e+01
2.165396953645764810e+01
2.168399684990229304e+01
2.174802698737146756e+01
2.180559054210602810e+01
2.190465325091309978e+01
2.194155862702933746e+01
2.199399621761352464e+01
2.212862146245038986e+01
2.227308730494711497e+01
2.232707162773176890e+01
2.232605001044982629e+01
2.234475758395030809e+01
2.241076376681585458e+01
2.254850291334109258e+01
