3.986441390641524585e+00
3.986316031016889028e+00
3.986186028594591590e+00
3.986049565136022377e+00
3.985906218250740984e+00
3.985756981511680674e+00
3.985598652344666704e+00
3.985432744467341859e+00
3.985258277333756816e+00
3.985072801429088152e+00
3.984878465341247011e+00
3.984672153915334025e+00
3.984453403243272351e+00
3.984223309806425917e+00
3.983977771289473058e+00
3.983718715277717592e+00
3.983444166375164741e+00
3.983151743463371197e+00
3.982843962909460078e+00
3.982513105401821907e+00
3.982203139187683316e+00
