1.826934036315475041e+01
1.829524667044068664e+01
1.831773026220538370e+01
1.833546756220837892e+01
1.835114393241083164e+01
1.837115883452277387e+01
1.839090518575124023e+01
1.841380902844368350e+01
1.843588055293848882e+01
1.844922607598665465e+01
1.847102463959373608e+01
1.848416100849826194e+01
1.849936079752135498e+01
1.851341626975726484e+01
1.853333606950072010e+01
1.856094268009242398e+01
1.857579176903085738e+01
1.858757784023399751e+01
1.859990796543397451e+01
1.861570102246326996e+01
1.862868976166499380e+01
1.864015140660628589e+01
1.866164462101102117e+01
1.867315022818328529e+01
1.869410489945332543e+01
