2.830262561041032768e+03
2.833054785315282516e+03
2.835094184083758137e+03
2.837993915028644096e+03
2.841649949222673058e+03
2.844323674218986980e+03
2.847894274189028238e+03
2.854942947308214116e+03
2.859653649756341110e+03
2.864119021115907344e+03
2.869519993402078399e+03
2.875323659637234414e+03
2.880097273501201471e+03
2.885375973593053004e+03
2.893345706779686225e+03
2.899245603696721901e+03
2.905496182860059889e+03
2.912144393122851397e+03
2.919309772231659281e+03
2.927639236578198052e+03
2.937430384982883879e+03
2.944663874697162555e+03
2.954585995963412643e+03
2.964912289989402325e+03
2.977274758114921497e+03
2.994783708929230215e+03
3.006987480568341653e+03
3.027242137162568724e+03
