2.087836391131463998e+01
2.087080385457930021e+01
2.086197896009188213e+01
2.085444164724471960e+01
2.084451718144431354e+01
2.083853958189975231e+01
2.083283777041433638e+01
2.082411805138274374e+01
2.081860104208170270e+01
2.081024705103077110e+01
2.080464380202134933e+01
2.079868600823295210e+01
2.079339248777223403e+01
2.078168440718247822e+01
2.077503170209007521e+01
2.076865243163079455e+01
2.076313852132663484e+01
2.075784958901670052e+01
2.075291415630469416e+01
2.074684575419502863e+01
2.074220636489704361e+01
2.073757098435556046e+01
2.073217235927795343e+01
2.072653761703153208e+01
2.072116919936204482e+01
2.071582066712666048e+01
2.070910946990680657e+01
2.070373127848144890e+01
