1.849863528616240060e+01
1.866232979503942602e+01
1.870884061098307427e+01
1.856706198358931914e+01
1.850745565576347929e+01
1.843765113176493387e+01
1.843670710152325398e+01
1.846172951751963964e+01
1.853321692277926758e+01
1.861335000128060102e+01
1.873259502869686344e+01
1.877559298768585805e+01
1.875266299736767195e+01
1.874039336325658667e+01
1.874712935416316029e+01
1.877613330064988162e+01
1.879481792751557023e+01
1.883754100605985116e+01
1.886315575899018526e+01
1.898546977458497054e+01
1.903858730396591525e+01
1.907099498848682728e+01
1.910276214978720333e+01
1.917064743169022734e+01
1.925980905902454055e+01
1.933588074560768533e+01
1.937351964170661489e+01
1.939127311844856649e+01
1.941389834875582920e+01
1.950217966361384114e+01
1.958498702523325719e+01
1.965917862149301243e+01
1.967226034122482758e+01
1.972659242977039540e+01
1.975788786443495582e+01
1.983341813742203641e+01
1.993756787316953805e+01
2.004246951667535015e+01
2.010252726630238129e+01
2.013631539139903026e+01
2.029868232610809642e+01
2.048012198799983707e+01
2.049703829453257597e+01
2.052560982466552986e+01
2.054696991184217936e+01
2.057890704343170540e+01
2.064953952429895168e+01
2.074555282396448419e+01
2.082940808096573448e+01
2.088139422323515859e+01
2.089748295709706483e+01
2.092017467223899274e+01
2.094344725661693474e+01
2.101007176114539021e+01
2.109096090653440925e+01
2.116794620368803237e+01
2.123505458893234632e+01
2.129455986160178682e+01
2.133731409728227746e+01
2.134754873123240060e+01
2.136081576180945873e+01
2.144490425265085065e+01
2.153868817814801773e+01
2.164983247777264097e+01
2.174251632092145670e+01
2.180802305394279728e+01
2.187425650897318974e+01
2.197005270022591716e+01
2.211434650058210138e+01
2.214920232118199550e+01
2.217859409235839863e+01
2.221445032437049960e+01
2.227763370919091201e+01
2.237253529281402464e+01
2.246315102117604567e+01
2.251618209447357088e+01
2.254719937458670387e+01
2.258787400381735111e+01
2.265727525856609503e+01
2.274112514866622448e+01
2.280862056458096632e+01
2.284398486538592010e+01
2.286379776239290607e+01
2.290157132071623991e+01
2.297428368944660804e+01
2.303831881913405155e+01
2.315070484140336760e+01
2.319917318681805085e+01
2.326153073118709713e+01
2.340929121718807338e+01
2.356713542723524668e+01
2.363271071792299338e+01
2.363339211924861871e+01
2.366406547243312986e+01
2.373654169095464894e+01
2.388332183006955844e+01
