4.733927479742360447e+03
4.749329452970612692e+03
4.762759532680344819e+03
4.773397565337970263e+03
4.782832299713701104e+03
4.794924417329558310e+03
4.806907064537280348e+03
4.820874331770864956e+03
4.834406988047125196e+03
4.842625740682819014e+03
4.856111577306007348e+03
4.864276624523773535e+03
4.873761455249019491e+03
4.882569023769666273e+03
4.895114464999744087e+03
4.912630089885853522e+03
4.922116972366512528e+03
4.929681242323063998e+03
4.937628408113041587e+03
4.947859920883768609e+03
4.956320598250692456e+03
4.963822440236655893e+03
4.977985383475405797e+03
4.985620616044223425e+03
4.999628479348712062e+03
