1.351451017722446340e+04
1.350987355864556775e+04
1.350541725674716508e+04
1.350160632378609262e+04
1.349801344782990054e+04
1.349310879499825933e+04
1.348790783100068256e+04
1.348140476982901964e+04
1.347463745255020876e+04
1.347029689633772614e+04
1.346278619399946911e+04
1.345799836556339142e+04
1.345220293848708752e+04
1.344659129459467113e+04
1.343820526607592728e+04
1.342569771038559702e+04
1.341852036307779599e+04
1.341258813080783148e+04
1.340615067169384201e+04
1.339754587628232912e+04
1.339015380077812915e+04
1.338338454740831367e+04
1.337003696945694537e+04
1.336252393335649867e+04
1.334813993471178946e+04
