1.466595425636657819e+04
1.465641400274127045e+04
1.464770001206288907e+04
1.464052887956123595e+04
1.463396523515126319e+04
1.462526622763050000e+04
1.461632021387352506e+04
1.460547117357458410e+04
1.459451358858389722e+04
1.458763828859197019e+04
1.457598547193619015e+04
1.456870033946373587e+04
1.456001420624431194e+04
1.455172836319454836e+04
1.453955046588188816e+04
1.452178387786948770e+04
1.451177579893697475e+04
1.450359570437144430e+04
1.449480559371171330e+04
1.448318580768374522e+04
1.447331270495620993e+04
1.446435302809260793e+04
1.444689500439004041e+04
1.443717995968037394e+04
1.441878242856067845e+04
