3.015675535374097308e+03
3.019688256029294280e+03
3.022563681120719139e+03
3.026610959619528785e+03
3.031671320475235461e+03
3.035351933735186776e+03
3.040248196400731558e+03
3.049868558088375266e+03
3.056273769220957092e+03
3.062332011945196882e+03
3.069645546379322241e+03
3.077490332625888186e+03
3.083933706810841159e+03
3.091050698398320947e+03
3.101782079608340609e+03
3.109717246892259027e+03
3.118116757890747067e+03
3.127043325290404937e+03
3.136656872228862994e+03
3.147823693383137652e+03
3.160939813074285212e+03
3.170623394423520040e+03
3.183898526780651537e+03
3.197705892854709873e+03
3.214225734696534801e+03
3.237606354992802608e+03
3.253892733672322265e+03
3.280907681356590729e+03
