4.400808955034794963e+03
4.386231657903452287e+03
4.374876875637976809e+03
4.366805006463589962e+03
4.360345130599313961e+03
4.353049554956292013e+03
4.346938034617237463e+03
4.341260366762198828e+03
4.337290483600240805e+03
4.335636081887804721e+03
4.334196087384864768e+03
4.334113235691124828e+03
4.334783858463892102e+03
4.336161436761010918e+03
4.339412708453470259e+03
4.346574516079330351e+03
4.351775770482725420e+03
4.356610212134315589e+03
4.362361863968173566e+03
4.370806786419610034e+03
4.378697616703535459e+03
4.386399392914409873e+03
4.402802667254833977e+03
4.412687059182833764e+03
4.432791188280246388e+03
