1.405874698521837729e+01
1.406852986114004622e+01
1.407710994278080285e+01
1.408394006316697222e+01
1.409002322039634336e+01
1.409785580490311752e+01
1.410565844669517688e+01
1.411480638397426901e+01
1.412372577350180158e+01
1.412917048685065602e+01
1.413815121421562893e+01
1.414361753759513896e+01
1.414999552709183916e+01
1.415594575651764586e+01
1.416446845678467170e+01
1.417646372556342271e+01
1.418300910048893826e+01
1.418825317213613957e+01
1.419378733501141454e+01
1.420095035498133207e+01
1.420690687734142088e+01
1.421221419623862481e+01
1.422230229533620616e+01
1.422777894117964870e+01
1.423789876634869778e+01
