2.158890742844241828e+01
2.157523409814464088e+01
2.156333315469958123e+01
2.155392119012659791e+01
2.154558507976847181e+01
2.153491684441072707e+01
2.152436316769622948e+01
2.151208479774766147e+01
2.150021310825248477e+01
2.149301527337528839e+01
2.148122511927421385e+01
2.147409941688199453e+01
2.146583426078489154e+01
2.145817141489997937e+01
2.144727723822093424e+01
2.143210923860838690e+01
2.142391514932924323e+01
2.141739272702490382e+01
2.141055096057432650e+01
2.140175930934964654e+01
2.139450388111028190e+01
2.138808203957915666e+01
2.137598801703020612e+01
2.136948488483221453e+01
2.135758568984397954e+01
