2.803935027456476746e+03
2.734591236200972162e+03
2.656013965721223485e+03
2.591001246700960564e+03
2.508481581006036322e+03
2.460539874113354927e+03
2.416091285249910015e+03
2.350627055667234799e+03
2.310834604690640390e+03
2.253085842466330178e+03
2.216109094801067386e+03
2.178403001795455111e+03
2.146342608413047856e+03
2.080491383353197307e+03
2.046343391929773361e+03
2.015952042635894259e+03
1.991621909003342580e+03
1.970044870640103682e+03
1.951526515811368654e+03
1.930986881359926429e+03
1.917012080952345514e+03
1.904607730023069280e+03
1.892205755906454669e+03
1.881715177035174520e+03
1.874166674099233660e+03
1.869140352777843418e+03
1.866553399436981408e+03
1.867643138814079748e+03
