1.367000597215286994e+01
1.369458718742348680e+01
1.372653918948615193e+01
1.375048644678487619e+01
1.377151799297416801e+01
1.379417869416024445e+01
1.381476200151302081e+01
1.383207629986101139e+01
1.385173850971870557e+01
1.387251947534418584e+01
1.389083262409794450e+01
1.392254978157359702e+01
1.393934899559946317e+01
1.395611735771874784e+01
1.397557199821251395e+01
1.399041223082744878e+01
1.401484801258800061e+01
1.402909964552771527e+01
1.404668186571506006e+01
1.405953618087006163e+01
