3.371654238010930840e+03
3.377374486732421246e+03
3.382460233643101674e+03
3.386555226156881872e+03
3.390237454318196797e+03
3.395027800141798707e+03
3.399855446126907736e+03
3.405587006500784355e+03
3.411250695615251971e+03
3.414745001054107433e+03
3.420570642581664288e+03
3.424154726101671713e+03
3.428373465930811562e+03
3.432345431447496594e+03
3.438096081447120469e+03
3.446314210245126560e+03
3.450860749664196192e+03
3.454535475659526583e+03
3.458444735027918796e+03
3.463552717893666340e+03
3.467842108973046834e+03
3.471696272256815064e+03
3.479107069095507995e+03
3.483177364116253102e+03
3.490787001180329298e+03
