1.412244200093057955e+01
1.410450373140683489e+01
1.408299507547187623e+01
1.406411986289100291e+01
1.403852552117057506e+01
1.402268659807008788e+01
1.400727046548942489e+01
1.398309128951571623e+01
1.396740190401681403e+01
1.394304230054285476e+01
1.392628134411323337e+01
1.390807276227766032e+01
1.389154785849467366e+01
1.385378240835493457e+01
1.383153759779252212e+01
1.380964146200915543e+01
1.379024960700202307e+01
1.377122583650181475e+01
1.375308500736933581e+01
1.373024383622046507e+01
1.371236602515383751e+01
1.369412907759329023e+01
1.367239778891058677e+01
1.364912622903763406e+01
1.362636659366424396e+01
1.360309173121948589e+01
1.357299289048948232e+01
1.354811215386401457e+01
