7.132064021183034129e+03
7.129387440562047232e+03
7.128240947749305633e+03
7.127211395000457742e+03
7.126533771073418393e+03
7.126331811860225571e+03
7.126338996886388486e+03
7.127013933969949903e+03
7.127817786520728987e+03
7.128775124316254733e+03
7.130138104268836287e+03
7.131807595681883868e+03
7.133313495171985778e+03
7.135097543146804128e+03
7.137992261969428910e+03
7.140268612551160004e+03
7.142786963054650187e+03
7.145571730778066922e+03
7.148681456893510585e+03
7.152420991482590580e+03
7.156966969692407474e+03
7.160417738784804897e+03
7.165264366253702065e+03
7.170432769827421907e+03
7.176767786211089515e+03
7.185979572933932104e+03
7.192545499783948799e+03
7.203671072210413513e+03
