6.575442169564111282e+03
6.604355020713766862e+03
6.619485450630271771e+03
6.636550910215882141e+03
6.653472445529077959e+03
6.663673161829249693e+03
6.675245045837959879e+03
6.693195599228478386e+03
6.702579519878647261e+03
6.710028028920190991e+03
6.717518582431480354e+03
6.724050284732009459e+03
6.728439875562767156e+03
6.732414030051539157e+03
6.736924295380560579e+03
6.739275081070964006e+03
6.740975430501278424e+03
6.741997371472288251e+03
6.742296553882419175e+03
6.741721565173044837e+03
6.739933213560421791e+03
6.737928483980235796e+03
6.734340030302044397e+03
6.729684494534802980e+03
6.723018701636478909e+03
6.711804207641665016e+03
6.702911677664161289e+03
6.686463661243382376e+03
