2.256219111468892891e+01
2.258583181923095040e+01
2.260629775874277669e+01
2.262240822771945403e+01
2.263662007893692163e+01
2.265472741869772122e+01
2.267254876149921827e+01
2.269316386522289619e+01
2.271297032530438997e+01
2.272491671898223586e+01
2.274437992555622401e+01
2.275607784512376952e+01
2.276958286445433188e+01
2.278204114304460148e+01
2.279964588432357786e+01
2.282393883910584265e+01
2.283695211543093961e+01
2.284725307941251415e+01
2.285800204105277444e+01
2.287172714888848191e+01
2.288297767286999829e+01
2.289287619457544665e+01
2.291136049963047583e+01
2.292121166941824129e+01
2.293906988548478054e+01
