5.331039726442365463e+03
5.360914119718952861e+03
5.378020770026598257e+03
5.398842533920594178e+03
5.421477786471724357e+03
5.436319697013076620e+03
5.454525934970305570e+03
5.486614477171653562e+03
5.506002875409471926e+03
5.523242661156617032e+03
5.542899120148023940e+03
5.562826670615653711e+03
5.578443702248354384e+03
5.595020471790950978e+03
5.618875064436502726e+03
5.635756469936622125e+03
5.653019250572359852e+03
5.670760994842479704e+03
5.689251328629195996e+03
5.710019167251424733e+03
5.733555666600438599e+03
5.750405833393342618e+03
5.772858926037804849e+03
5.795501676001558735e+03
5.821749348852436924e+03
5.857527576295441577e+03
5.881618012922892376e+03
5.920271372277160481e+03
