6.086594497925029934e+00
6.086823799768994903e+00
6.087055263694088225e+00
6.087290323856513474e+00
6.087528014030112899e+00
6.087768757389303786e+00
6.088013100412092093e+00
6.088259712637611898e+00
6.088509511734801372e+00
6.088762937863493541e+00
6.089018375279440676e+00
6.089277198909438304e+00
6.089539554682374956e+00
6.089803656588922642e+00
6.090071324145995391e+00
6.090342398719468697e+00
6.090615043810577944e+00
6.090891463725790267e+00
6.091171141071451522e+00
6.091452154668213659e+00
6.091737008277962495e+00
6.092024892648804091e+00
6.092314006957061601e+00
6.092607197488749904e+00
6.092903183639912790e+00
6.093200186952021369e+00
6.093501387341985875e+00
6.093805064032220997e+00
6.094109714724229576e+00
6.094418852337509129e+00
6.094729980264561142e+00
6.095041949070435727e+00
6.095358626561368176e+00
6.095676641275607821e+00
6.095995674780184892e+00
6.096319710180759799e+00
6.096644034762052300e+00
6.096970359221640656e+00
6.097301267288794513e+00
6.097629044788480002e+00
6.097997958278885022e+00
