1.999999998517461819e+01
2.000032436247690981e+01
2.000065271686769108e+01
2.000098567510372050e+01
2.000132209973701691e+01
2.000166089201820085e+01
2.000200089825773375e+01
2.000234093262764645e+01
2.000267976031312855e+01
2.000301610153290000e+01
2.000334861856234880e+01
2.000367592838222919e+01
2.000399660667532942e+01
2.000430917714837875e+01
2.000461210636712650e+01
2.000490381457444045e+01
2.000518267986469567e+01
2.000544702161449351e+01
2.000569509520514799e+01
2.000592518867808423e+01
2.000613398492757256e+01
