1.609379188994474319e+01
1.604891137588850469e+01
1.601165921268583148e+01
1.598343172191757233e+01
1.595936725542455825e+01
1.592989026022307719e+01
1.590223187528695448e+01
1.587199967557011782e+01
1.584483332526433230e+01
1.582938461335548119e+01
1.580580458014171974e+01
1.579262306611581579e+01
1.577837529814621753e+01
1.576619258042336114e+01
1.575062876474225781e+01
1.573253884671218827e+01
1.572457614397993630e+01
1.571918107413332244e+01
1.571444631008155746e+01
1.570979406698301872e+01
1.570720663107372594e+01
1.570589121866122539e+01
1.570599340752899842e+01
1.570749391990607791e+01
1.571298093216568681e+01
