3.153525089742206546e+03
3.184264676804269129e+03
3.201685685678593927e+03
3.222718500974609469e+03
3.245376128440679622e+03
3.260119072547751784e+03
3.278084381073937948e+03
3.309437755571842899e+03
3.328196255114145515e+03
3.344762211245911658e+03
3.363523108315218451e+03
3.382407841478914179e+03
3.397115006276443637e+03
3.412638966860343771e+03
3.434825012324868567e+03
3.450418801423789319e+03
3.466275519643511416e+03
3.482480033255721992e+03
3.499271001005905873e+03
3.518014449358231559e+03
3.539112304186406618e+03
3.554124596986740471e+03
3.574012212316743899e+03
3.593936134824157762e+03
3.616870936855123091e+03
3.647863066410717693e+03
3.668560510428509133e+03
3.701492914183586890e+03
