2.000000041125188943e+01
2.000356281622936194e+01
2.000725999250246900e+01
2.001108791805911835e+01
2.001503974305359179e+01
2.001910801189432476e+01
2.002328450619501865e+01
2.002756023850855627e+01
2.003192541430297524e+01
2.003636940552360102e+01
2.004088073301902995e+01
2.004544701479071023e+01
2.005005494659896215e+01
2.005469027389487024e+01
2.005933777074624658e+01
2.006398117738238085e+01
2.006860318997831172e+01
2.007318543636088748e+01
2.007770840997981310e+01
2.008215147930464184e+01
2.008649198150594373e+01
