2.377534283822801342e+01
2.378660602743594055e+01
2.380129113543069508e+01
2.381233258257879370e+01
2.382205632326667200e+01
2.383256292343827809e+01
2.384213462961758268e+01
2.385020828296795159e+01
2.385940272874485402e+01
2.386915221589041280e+01
2.387777288084437544e+01
2.389277296764656100e+01
2.390075666834405510e+01
2.390875481906530808e+01
2.391807341889116501e+01
2.392521214822414422e+01
2.393702928113073369e+01
2.394396048070435512e+01
2.395255511020935302e+01
2.395887162615006716e+01
