2.168784383241202107e+01
2.168313814847335408e+01
2.167886898968195553e+01
2.167537451939615778e+01
2.167218979784448507e+01
2.166798769868106334e+01
2.166368684834991498e+01
2.165849673914523876e+01
2.165328078900116893e+01
2.165002042445380326e+01
2.164451465835178112e+01
2.164108463571528418e+01
2.163700636111062181e+01
2.163312693683309362e+01
2.162744338938780686e+01
2.161918729599241118e+01
2.161455381532403308e+01
2.161077526546894489e+01
2.160672316654454761e+01
2.160137907629236764e+01
2.159684888337327635e+01
2.159274580582586722e+01
2.158477155786854951e+01
2.158034522705422376e+01
2.157198350353645466e+01
