5.481790115911722751e+03
5.504251197111132569e+03
5.523838111487245442e+03
5.539354019816163600e+03
5.553115649697058871e+03
5.570754458538461222e+03
5.588234814669032858e+03
5.608611939800499385e+03
5.628356689701490723e+03
5.640349050696206177e+03
5.660028261574631870e+03
5.671943978539487944e+03
5.685786575635687768e+03
5.698641577077123657e+03
5.716953575091265520e+03
5.742523209501249767e+03
5.756373793874911826e+03
5.767418174890213777e+03
5.779022352632999173e+03
5.793963201297314299e+03
5.806319138876827310e+03
5.817275574477991540e+03
5.837962597345865106e+03
5.849116104256607287e+03
5.869580886992061096e+03
