1.891970716731072244e+01
1.894495285869867018e+01
1.896079326616213123e+01
1.898138548022660643e+01
1.900535412233587351e+01
1.902193907959474828e+01
1.904319726111127764e+01
1.908303881428929927e+01
1.910853134609018156e+01
1.913206830477968623e+01
1.915987767385578522e+01
1.918910190016786288e+01
1.921271272215357584e+01
1.923843984412743424e+01
1.927663574341614350e+01
1.930448282046802433e+01
1.933364212460153553e+01
1.936431499022638647e+01
1.939702570343357380e+01
1.943465006186716693e+01
1.947839401749114785e+01
1.951041442555109029e+01
1.955397258610069500e+01
1.959890535087289010e+01
1.965222402063491458e+01
1.972696931407276821e+01
1.977859988820542370e+01
1.986355827070045166e+01
