1.194641877212656436e+04
1.187707365111903164e+04
1.181679397497274294e+04
1.176917351077115563e+04
1.172703605599594994e+04
1.167316603909911282e+04
1.161993810019064767e+04
1.155809400432672555e+04
1.149838571209948896e+04
1.146222771616845785e+04
1.140307346659437826e+04
1.136736727431293548e+04
1.132599549744459728e+04
1.128768210231582088e+04
1.123328677227056505e+04
1.115770354827342453e+04
1.111694845653873381e+04
1.108454770430789358e+04
1.105059972601493791e+04
1.100703730149815783e+04
1.097113983738841489e+04
1.093940796127643807e+04
1.087975769150484848e+04
1.084774408497855438e+04
1.078928283792432921e+04
