2.980005868466339081e+01
3.004545923217057890e+01
3.010002376672023416e+01
2.983390710885607433e+01
2.972563229274388164e+01
2.958998767131597063e+01
2.957380446163682564e+01
2.960196205783383760e+01
2.969865213403884496e+01
2.981103465603941771e+01
2.997301467855328028e+01
3.001156465591344968e+01
2.993400800236919679e+01
2.987163427290928297e+01
2.987128754785205942e+01
2.989337002942761501e+01
2.991201499588852997e+01
2.995805444739512424e+01
2.998634234742305438e+01
3.010784053549265238e+01
3.012864370983024997e+01
3.013457324593302644e+01
3.015419372517397179e+01
3.021732788847939943e+01
3.031180360077178548e+01
3.038579094828661908e+01
3.040913594125846586e+01
3.041185735985999727e+01
3.041356164359383030e+01
3.048296357506882259e+01
3.057132401108133379e+01
3.064583417673781440e+01
3.065654759970628618e+01
3.066033936818536532e+01
3.066637820454417707e+01
3.073820690227206498e+01
3.085667260690632574e+01
3.096624030171026476e+01
3.100398336378503927e+01
3.102671067965096441e+01
3.120738009781355871e+01
3.141999405545715263e+01
3.143553169114071011e+01
3.145405822839757448e+01
3.145614693444499821e+01
3.146620194710720142e+01
3.153240842902961916e+01
3.164020685410776323e+01
3.172822241149796341e+01
3.176545513308942859e+01
3.177256080294994689e+01
3.178391585385971041e+01
3.180012607354327514e+01
3.186229927805943518e+01
3.194752163257595612e+01
3.202692540434037483e+01
3.209068772270829584e+01
3.214252020722402392e+01
3.217679845217283940e+01
3.218466417959289316e+01
3.219478682146240089e+01
3.226718376415143297e+01
3.237006086936326454e+01
3.250121800378077097e+01
3.260332770131736879e+01
3.266229941862718533e+01
3.272765201455263195e+01
3.284053007485104558e+01
3.301281844911238039e+01
3.304712723464135138e+01
3.306666331972741091e+01
3.308412799875887345e+01
3.314433613804489198e+01
3.325428521211762245e+01
3.335644762281001618e+01
3.339984089741726336e+01
3.340796399807371841e+01
3.343547627176956638e+01
3.350937203826442357e+01
3.360658848359390305e+01
3.367753619281222655e+01
3.369686734979904230e+01
3.369129894663046798e+01
3.371473848775362825e+01
3.379443364003488171e+01
3.387113046442463116e+01
3.399471447775035671e+01
3.401542739419712547e+01
3.406967343403304227e+01
3.425622878453592079e+01
3.445905591407949231e+01
3.450914631004315680e+01
3.450069767276798416e+01
3.448679279099425798e+01
3.457777252772672938e+01
3.478515113990334839e+01
