4.006494107140302674e+01
4.006760217728123052e+01
4.007027272188807387e+01
4.007295389047197176e+01
4.007564523278828972e+01
4.007834636887265845e+01
4.008105689599287302e+01
4.008377637747526023e+01
4.008650440453789088e+01
4.008924053075914884e+01
4.009198434469361416e+01
4.009473540825052851e+01
4.009749330982221949e+01
4.010025764449557784e+01
4.010302800966368864e+01
4.010580403061102572e+01
4.010858532062541570e+01
4.011137152397341055e+01
4.011416228596421263e+01
4.011695727020218527e+01
4.011975616212424001e+01
4.012255864639828218e+01
4.012536443893465332e+01
4.012817325381038103e+01
4.013098482839489378e+01
4.013379891871623784e+01
4.013661527703287391e+01
4.013943369640861647e+01
4.014225395987396894e+01
4.014507587841072933e+01
4.014789927032150274e+01
4.015072395492548196e+01
4.015354977840608797e+01
4.015637656877663630e+01
4.015920420297374704e+01
4.016203252937987855e+01
4.016486142785260682e+01
4.016769076655555892e+01
4.017052041633021275e+01
4.017335033315338677e+01
4.017617892310870076e+01
