1.998265925575513435e+01
2.014779442308240931e+01
2.018509665340123860e+01
2.000810044291537793e+01
1.993598377309204395e+01
1.984594922809648665e+01
1.983567363983368992e+01
1.985502512191790814e+01
1.992055842828643364e+01
1.999652211692477977e+01
2.010613474026337144e+01
2.013282883813256774e+01
2.008165269645192552e+01
2.004038194046192700e+01
2.004023569481670108e+01
2.005511642707405429e+01
2.006758685214765237e+01
2.009824440355017217e+01
2.011699182496634108e+01
2.019569421777025298e+01
2.020564688798316411e+01
2.020622153710999314e+01
2.021691346365898312e+01
2.025552353578959242e+01
2.031482711296795785e+01
2.036034661231059673e+01
2.037275199625500122e+01
2.037224560075407709e+01
2.037013579189918744e+01
2.040930622361681657e+01
2.046357715229206775e+01
2.050822248021824734e+01
2.051413407739238437e+01
2.050577066999675324e+01
2.050364628922364574e+01
2.054463277475679206e+01
2.061678310230219680e+01
2.068127740508444390e+01
2.069744951209276351e+01
2.070768052455262520e+01
2.081576316837874785e+01
2.094511654153050273e+01
2.095355882047202556e+01
2.096130000620744838e+01
2.095711941801056000e+01
2.095659539086996759e+01
2.099251132684817023e+01
2.105635365343780663e+01
2.110680310764252710e+01
2.112316655454517900e+01
2.112440718984231225e+01
2.112726347628449730e+01
2.113408830993386189e+01
2.116714314535566643e+01
2.121561635372767540e+01
2.126019518550655008e+01
2.129420959891585952e+01
2.132017746108845202e+01
2.133622880410334588e+01
2.133977570422923975e+01
2.134431024155117740e+01
2.138020201905815298e+01
2.143938378264429545e+01
2.151746270725126564e+01
2.157620870826778159e+01
2.160624205904715822e+01
2.164159704343515500e+01
2.170864192086353128e+01
2.181122022452111864e+01
2.182939437752658662e+01
2.183620654507778269e+01
2.183842635956163747e+01
2.186839324231083381e+01
2.193070986124802957e+01
2.198705084371176355e+01
2.200422017341396597e+01
2.199771631681751316e+01
2.200528661220768001e+01
2.204394212989644686e+01
2.209816912235822883e+01
2.213472925502335897e+01
2.213667449745602411e+01
2.212193557586679304e+01
2.212660966308877875e+01
2.216888748902676554e+01
2.221234515217797068e+01
2.227770523644239375e+01
2.227400318814991920e+01
2.229619696518263439e+01
2.240541691595448270e+01
2.252540288537550950e+01
2.254157491256272294e+01
2.253291427290227844e+01
2.250375535339884436e+01
2.255669240167424405e+01
2.268662248462282705e+01
