4.087665362306471906e+01
4.088231423187656333e+01
4.088722443585849220e+01
4.089131993466085646e+01
4.089453543826848403e+01
4.089680791728699916e+01
4.089807719166564937e+01
4.089828662962549544e+01
4.089738383235503250e+01
4.089532116236511428e+01
4.089205631437612709e+01
4.088755267654253345e+01
4.088177974661668657e+01
4.087471338423004141e+01
4.086633597322906297e+01
4.085663655883606538e+01
4.084561083955571803e+01
4.083326112860532220e+01
4.081959619786790228e+01
4.080463111815593891e+01
4.078838698765869708e+01
4.077089059892451672e+01
4.075217414453656772e+01
4.073227479921583694e+01
4.071123432833657318e+01
4.068909869581112559e+01
4.066591763724773045e+01
4.064174428543707052e+01
4.061663475712749261e+01
4.059064785870324954e+01
4.056384473477090324e+01
4.053628860830254155e+01
4.050804459629999599e+01
4.047917951056091823e+01
4.044976180317988224e+01
4.041986148428347292e+01
4.038955016157485289e+01
4.035890112439029309e+01
4.032798936767557763e+01
4.029689227468639245e+01
4.026568374940913486e+01
