6.098201898565730694e+00
6.099074990136784002e+00
6.099957854029036675e+00
6.100852280889601076e+00
6.101757490615722368e+00
6.102673649028838909e+00
6.103600673017180789e+00
6.104538206587062810e+00
6.105486385437941976e+00
6.106444918751494200e+00
6.107413657864026568e+00
6.108392564261409419e+00
6.109381398090100390e+00
6.110380171198241506e+00
6.111388533154992864e+00
6.112406420282140651e+00
6.113433732925176223e+00
6.114470138160371881e+00
6.115515778137996961e+00
6.116570131464149185e+00
6.117638068641634952e+00
