1.438434483923290585e+01
1.438451171598112666e+01
1.438668634015546921e+01
1.439130333137158857e+01
1.439869993650462376e+01
1.440485469797682150e+01
1.441377707313590584e+01
1.443306835297997281e+01
1.444685668607063356e+01
1.446042294765642566e+01
1.447735232937307437e+01
1.449606419631267507e+01
1.451179200372688527e+01
1.452948561827034446e+01
1.455671009719041820e+01
1.457720283356909441e+01
1.459918454843316837e+01
1.462283431854370086e+01
1.464859888317550052e+01
1.467886553523619497e+01
1.471482490739973059e+01
1.474162527503070308e+01
1.477867464704010203e+01
1.481754895099230041e+01
1.486446311833281086e+01
1.493151575145440368e+01
1.497862048395322176e+01
1.505737953541639840e+01
