1.567445361922562597e+03
1.569132785161280708e+03
1.570437923739646749e+03
1.572347629384901211e+03
1.574811193479531084e+03
1.576639234526655400e+03
1.579105363408759331e+03
1.584033109474713910e+03
1.587358085504330802e+03
1.590527458155327622e+03
1.594379321719308109e+03
1.598536795603492465e+03
1.601968317914006320e+03
1.605773602430322853e+03
1.611536870043088811e+03
1.615815340685169531e+03
1.620357708931732532e+03
1.625198587596579046e+03
1.630425779151899633e+03
1.636513379063695766e+03
1.643682755504179568e+03
1.648987633105414034e+03
1.656274470746234556e+03
1.663869311942473132e+03
1.672974987643299301e+03
1.685892875973040418e+03
1.694909728765238469e+03
1.709895542557591398e+03
