1.807022670391673273e+03
1.809880879320597387e+03
1.813431681965178313e+03
1.816654525094516885e+03
1.821177232782907367e+03
1.824060707109921168e+03
1.826927145385346194e+03
1.831538052387137213e+03
1.834602707147830642e+03
1.839470162248838733e+03
1.842893962014167982e+03
1.846680198000121891e+03
1.850174799380162312e+03
1.858362114650583862e+03
1.863310291560864016e+03
1.868268135088688496e+03
1.872728949244782143e+03
1.877167132386010280e+03
1.881455032602399569e+03
1.886929130665232606e+03
1.891270618999819817e+03
1.895749445770625016e+03
1.901150871411583694e+03
1.907010696545232577e+03
1.912815032811009814e+03
1.918823686997748155e+03
1.926699978431840691e+03
1.933298202669297552e+03
