2.098310355908392921e+01
2.090135690969034954e+01
2.082594306773552262e+01
2.075654211491143997e+01
2.069281486858989183e+01
2.063442508968859102e+01
2.058104348806287476e+01
2.053235193955609361e+01
2.048804593155026055e+01
2.044783632498729276e+01
2.041145028514316095e+01
2.037863173194168098e+01
2.034914131869649623e+01
2.032275605733011048e+01
2.029926868650841243e+01
2.027848675707988946e+01
2.026023158702832916e+01
2.024433680561367055e+01
2.023064712214477368e+01
2.021901563503979560e+01
2.020931074600866850e+01
