2.000000004961761135e+01
2.000446789009632198e+01
2.000899279440192657e+01
2.001357614210463254e+01
2.001821762953387918e+01
2.002291701594622708e+01
2.002767403576648775e+01
2.003248842059960566e+01
2.003735988414140934e+01
2.004228812501860801e+01
2.004727281610800560e+01
2.005231361665819634e+01
2.005741017652221814e+01
2.006256212558597696e+01
2.006776906993638221e+01
2.007303060233740410e+01
2.007834630613032090e+01
2.008371573966262957e+01
2.008913842917044690e+01
2.009461397036702124e+01
2.010014032889432656e+01
