1.346824284728907983e+01
1.346310324111292012e+01
1.345683711940296767e+01
1.345124881588331434e+01
1.344354347250010839e+01
1.343870423261995128e+01
1.343394400235995256e+01
1.342638156659042004e+01
1.342141357723578565e+01
1.341360877399038998e+01
1.340817606364533709e+01
1.340221828495170264e+01
1.339676246380071412e+01
1.338412578277426590e+01
1.337657729347064439e+01
1.336907411240718346e+01
1.336237048267062733e+01
1.335574216742872267e+01
1.334937486355837777e+01
1.334129483700228391e+01
1.333492296004266109e+01
1.332838112690862964e+01
1.332053190631577522e+01
1.331206310582083496e+01
1.330371915141417638e+01
1.329512527266849276e+01
1.328392306106645115e+01
1.327458976334500740e+01
