2.000000008392100881e+01
2.000438149429606938e+01
2.000910847544221838e+01
2.001418648221198282e+01
2.001961713368338280e+01
2.002540042220361727e+01
2.003153435852388498e+01
2.003801487900722123e+01
2.004483569759200634e+01
2.005198815772510557e+01
2.005946108275179540e+01
2.006724066123609873e+01
2.007531028488178038e+01
2.008365042437806380e+01
2.009223849907372994e+01
2.010104876674493823e+01
2.011005217674615153e+01
2.011921627738615825e+01
2.012850514173780425e+01
2.013787921534402869e+01
2.014729489526794737e+01
