2.000000002573980851e+01
2.000649973135975301e+01
2.001308177089038054e+01
2.001974740795539986e+01
2.002649621055653739e+01
2.003332780406634583e+01
2.004024178268976897e+01
2.004723773165504497e+01
2.005431521205995438e+01
2.006147376348261702e+01
2.006871289346770482e+01
2.007603208945156581e+01
2.008343082289174930e+01
2.009090853854700498e+01
2.009846465073980681e+01
2.010609855359204801e+01
2.011380962488222934e+01
2.012159721027250470e+01
2.012946061634828254e+01
2.013739921095695706e+01
2.014541073387356107e+01
