7.165428991299340744e+00
7.141954572989130057e+00
7.117830788118011398e+00
7.093233912729474788e+00
7.068309455411950992e+00
7.043181861802214172e+00
7.017958179226539528e+00
6.992723018969227766e+00
6.967550234899995587e+00
6.942500383095495664e+00
6.917618908255414922e+00
6.892946891733036097e+00
6.868515258402484669e+00
6.844344016988423540e+00
6.820451826184103616e+00
6.796848795631823315e+00
6.773537643784168338e+00
6.750522319499916435e+00
6.727798770322118038e+00
6.705357058705216033e+00
6.683189648450192699e+00
6.661281399152480631e+00
6.639613160770167610e+00
6.618169272630188615e+00
6.596925896876317807e+00
6.575856008741397751e+00
6.554936467401668132e+00
6.534135120371331595e+00
6.513417926663327862e+00
6.492755222444097640e+00
6.472106884615075550e+00
6.451431890196936969e+00
6.430693261464978328e+00
6.409841418915246614e+00
6.388827359691092056e+00
6.367605044537987702e+00
6.346113435831212790e+00
6.324295651873134361e+00
6.302092214387911007e+00
6.279423920487616329e+00
6.256286545475642669e+00
