3.345034019631646515e+03
3.337447339462594300e+03
3.330654269278415086e+03
3.325152595172854944e+03
3.320181646826571068e+03
3.313681678582685436e+03
3.307094063070678658e+03
3.299225899575124913e+03
3.291401943989973915e+03
3.286551102636447467e+03
3.278424526346821949e+03
3.273400880354299716e+03
3.267464739372162967e+03
3.261853560952449243e+03
3.253692131917541246e+03
3.241953733436560924e+03
3.235422682246995464e+03
3.230125161554731221e+03
3.224471369060241159e+03
3.217056169577815126e+03
3.210805455123949287e+03
3.205170722405737706e+03
3.194288658110513097e+03
3.188285691404037607e+03
3.177014328023706184e+03
