2.228628484792679032e+01
2.228464461689240750e+01
2.228259480071517018e+01
2.228072420440206614e+01
2.227808518031343965e+01
2.227639517653390300e+01
2.227471001454344446e+01
2.227198962005428484e+01
2.227017554265468391e+01
2.226728558883461417e+01
2.226524693760550377e+01
2.226298737596923161e+01
2.226089746452072760e+01
2.225598628330543249e+01
2.225300905350054492e+01
2.225001988145883658e+01
2.224732554733269296e+01
2.224464066894724823e+01
2.224204297404559227e+01
2.223872168739762145e+01
2.223608387696737765e+01
2.223335939756700697e+01
2.223006960151086986e+01
2.222649586337743699e+01
2.222295141148125452e+01
2.221927772469741669e+01
2.221445575411132012e+01
2.221041101484197355e+01
