5.436279364680590334e+03
5.435543640602476444e+03
5.434624287194107637e+03
5.433785389136615777e+03
5.432601979770371145e+03
5.431844191043593128e+03
5.431088610591221368e+03
5.429868930065474160e+03
5.429055636886759203e+03
5.427760065864130411e+03
5.426846176922175800e+03
5.425833294380096959e+03
5.424896491328108823e+03
5.422695159083145882e+03
5.421360743374149024e+03
5.420021018282180194e+03
5.418813471393017608e+03
5.417610191986432255e+03
5.416446011690540217e+03
5.414957582073661797e+03
5.413775477246017545e+03
5.412554555229276957e+03
5.411080326233164669e+03
5.409478889727490241e+03
5.407890608450634318e+03
5.406244447619846142e+03
5.404083791027401276e+03
5.402271436942262881e+03
