1.875357131523344023e+01
1.876122993204681677e+01
1.877142249547439334e+01
1.877924959135425098e+01
1.878626559513265804e+01
1.879398286346428648e+01
1.880114326940215008e+01
1.880728419746109026e+01
1.881439609979883443e+01
1.882208244896037996e+01
1.882901024065980167e+01
1.884137965509768975e+01
1.884813778888195301e+01
1.885503851657058050e+01
1.886325319521255395e+01
1.886968125865622170e+01
1.888059879944814767e+01
1.888717448727012638e+01
1.889551914490401074e+01
1.890179563363615856e+01
