1.464360249857124430e+01
1.465259525765677040e+01
1.466488853700939110e+01
1.467698073374859291e+01
1.469524107482936870e+01
1.470757475002702463e+01
1.472031108254416054e+01
1.474169260977420137e+01
1.475645480122755693e+01
1.478070859543445081e+01
1.479830873014794079e+01
1.481824381071451668e+01
1.483704951651679238e+01
1.488248042791671821e+01
1.491077466592296652e+01
1.493969058992846222e+01
1.496615423612936446e+01
1.499287319611140390e+01
1.501903230589052463e+01
1.505288751815151649e+01
1.508008094325958837e+01
1.510843275011272624e+01
1.514300367018392102e+01
1.518094758774537212e+01
1.521895333788937421e+01
1.525870993829707700e+01
1.531141669455762688e+01
1.535605334606358419e+01
