1.900900683221631482e+01
1.903296829095091880e+01
1.904767418490560971e+01
1.906650728197014999e+01
1.908810716655564121e+01
1.910288843489827926e+01
1.912167058680850928e+01
1.915646361670065900e+01
1.917849640648544352e+01
1.919870631608101164e+01
1.922244169190231844e+01
1.924723836233162899e+01
1.926717518213018110e+01
1.928881068047223835e+01
1.932078017776465728e+01
1.934398548964583497e+01
1.936820119053157541e+01
1.939359014539711268e+01
1.942057957430883519e+01
1.945152287977360928e+01
1.948737685030951639e+01
1.951354586982817452e+01
1.954905019958193790e+01
1.958557083539048804e+01
1.962878278961764522e+01
1.968915572838140449e+01
1.973073342378576456e+01
1.979895155291276510e+01
