2.704147351442725630e+04
2.703582513429540631e+04
2.702955366400366256e+04
2.701787609494729259e+04
2.701409834452508585e+04
2.700681431972332211e+04
2.700212343326895279e+04
2.699822120084065318e+04
2.699229794413179479e+04
2.698694951250382292e+04
2.697745397758883337e+04
2.696803602528002375e+04
2.695430701443172075e+04
2.693843449335106561e+04
2.693437273765648933e+04
2.692559485257648703e+04
2.692149915780719311e+04
2.691316539525905682e+04
2.690828469841539118e+04
2.687766623450291445e+04
2.684876669061781649e+04
2.682821573303454716e+04
2.681421027570313163e+04
2.679327617668956009e+04
2.677067236596105431e+04
2.674815439763724135e+04
2.673082416960889532e+04
2.671887579106997873e+04
2.670281141016988113e+04
2.666789880520196311e+04
2.664567005233696545e+04
2.662324284084861210e+04
2.661802726444962900e+04
2.657501718824805721e+04
2.655171079701451890e+04
2.652525903380634554e+04
2.649894698222849547e+04
2.646710203758419084e+04
2.643542506464140024e+04
2.641836560096187895e+04
2.637453870072466452e+04
2.633112104180148526e+04
2.632473384245683337e+04
2.630972642019256818e+04
2.629205477054369112e+04
2.626933795191984609e+04
2.624305535412554309e+04
2.621706183788366616e+04
2.619098104420266827e+04
2.616521720079467923e+04
2.615478576297595646e+04
2.614077732862153061e+04
2.612890194243608858e+04
2.610359234255686169e+04
2.607830898316396633e+04
2.605339088578675728e+04
2.602873542398850259e+04
2.600420727744172837e+04
2.598481595980115526e+04
2.597996811252834596e+04
2.597363655888670837e+04
2.593820693095052411e+04
2.591135351084735157e+04
2.588480083340733108e+04
2.585853838210241520e+04
2.583258581131834580e+04
2.580970203223566205e+04
2.578704494105332196e+04
2.575373149665755045e+04
2.574133834496078634e+04
2.572564760246215519e+04
2.570289461957699314e+04
2.567881395428222095e+04
2.565348789096876499e+04
2.562721475323810955e+04
2.560207540234611952e+04
2.557714023795809771e+04
2.555437699404510931e+04
2.553179597108723101e+04
2.550927975157761102e+04
2.548685750215507505e+04
2.546459483439072210e+04
2.544235989811641775e+04
2.542029853931162870e+04
2.539823642581958484e+04
2.538252850356760609e+04
2.534868841222500851e+04
2.531510472455822310e+04
2.528812122586144324e+04
2.525825537612479093e+04
2.522860134645704238e+04
2.519675765206188225e+04
2.519128633654744772e+04
2.515499899901054232e+04
2.514028311448397653e+04
2.512365262613233790e+04
