3.424889572642272469e+03
3.426429694924066553e+03
3.427693061450698224e+03
3.428639663264875253e+03
3.429438180301486682e+03
3.430403883096572827e+03
3.431295243581805607e+03
3.432249386226626029e+03
3.433084000284169178e+03
3.433546489316659517e+03
3.434230579057481464e+03
3.434598468688090179e+03
3.434980827008802862e+03
3.435291592382865929e+03
3.435658608247966185e+03
3.436017151800738247e+03
3.436133763952674599e+03
3.436186417282347065e+03
3.436202276811328829e+03
3.436161672088426712e+03
3.436074845470847777e+03
3.435956480681925768e+03
3.435623711458194975e+03
3.435383211157116421e+03
3.434826397113773965e+03
