4.393878719883648500e+02
4.365467145123400314e+02
4.328797994067561490e+02
4.301522588237538685e+02
4.277724525006484555e+02
4.252256928875990525e+02
4.229290056260528559e+02
4.210100512347494828e+02
4.188461130858158299e+02
4.165777645909202533e+02
4.145957905329960340e+02
4.112040302760010491e+02
4.094303320423470041e+02
4.076769768480004927e+02
4.056657132483899773e+02
4.041493327949161198e+02
4.016891978972772677e+02
4.002773352660132673e+02
3.985611212209385030e+02
3.973257718088140678e+02
