2.720194077655684950e+01
2.742531250463270354e+01
2.747394539629524957e+01
2.722831330195783650e+01
2.712867155940027786e+01
2.700369041447417473e+01
2.698849641500616059e+01
2.701404777426924753e+01
2.710241268984141527e+01
2.720541812633511825e+01
2.735477978547686817e+01
2.739255616179062258e+01
2.732704992128881472e+01
2.727806654018160515e+01
2.728024593373282869e+01
2.730648615585587180e+01
2.732660865220331914e+01
2.737531712172961917e+01
2.740523953782469135e+01
2.754371194976380011e+01
2.759012561630156313e+01
2.761660593596288749e+01
2.764943240247307088e+01
2.772958212591905891e+01
2.784047543596753371e+01
2.793293837220070586e+01
2.797377155417859385e+01
2.799004409455550046e+01
2.801050314900022187e+01
2.811532713886617429e+01
2.822303348927854927e+01
2.831908611166706535e+01
2.833545088385132260e+01
2.839383131437547192e+01
2.842967355676801944e+01
2.853025978850310196e+01
2.867381675315557743e+01
2.881718589679673315e+01
2.889538358068344692e+01
2.894003778954263240e+01
2.916753311566198192e+01
2.942493090440981973e+01
2.944851280581646336e+01
2.948758395568667723e+01
2.951574539142073661e+01
2.955898855486775645e+01
2.965927187918464369e+01
2.979755592591789082e+01
2.991839300263163892e+01
2.999281759551855586e+01
3.001581148234422614e+01
3.004845509861907260e+01
3.008222144525195318e+01
3.017967151327242448e+01
3.029858932994178744e+01
3.041216911464542960e+01
3.051168156091201666e+01
3.060054164881180938e+01
3.066483127934379027e+01
3.068027603709485618e+01
3.070032207679584602e+01
3.082743012033692409e+01
3.096862227896443542e+01
3.113601327856570222e+01
3.127676099933488629e+01
3.137783332918355228e+01
3.147978045795617419e+01
3.162574915367729744e+01
3.184653572944747069e+01
3.190122821488576577e+01
3.194901551900582248e+01
3.200869651282342687e+01
3.210920447093644725e+01
3.225703806660331452e+01
3.239909215928086894e+01
3.248572615996944535e+01
3.254009475096345483e+01
3.260802877018200974e+01
3.271839740673875241e+01
3.285021675816449260e+01
3.295811655361269743e+01
3.301880957592049270e+01
3.305666333253650890e+01
3.312102742742568040e+01
3.323694087166445144e+01
3.333754947542702496e+01
3.351692508215096922e+01
3.360230000966410557e+01
3.370548124112272603e+01
3.393585534350768285e+01
3.418123421721232091e+01
3.429184886880180017e+01
3.429526758910227358e+01
3.435655939578332152e+01
3.447001381120938390e+01
3.469399500921155521e+01
