7.260887111906180508e+03
7.266944514853006694e+03
7.273732721725356896e+03
7.286335752624493580e+03
7.290439527855907727e+03
7.298147351410004376e+03
7.302958414719796565e+03
7.306911804771961215e+03
7.312862648629042269e+03
7.318149575690405982e+03
7.327253296182869235e+03
7.335977984339086106e+03
7.347459576274516621e+03
7.359387022172840261e+03
7.362372558334928726e+03
7.368702710924628263e+03
7.371557021557148801e+03
7.377114164627393620e+03
7.380214866788102881e+03
7.397392562465430274e+03
7.411142687239505904e+03
7.420340415486055463e+03
7.426375647293722068e+03
7.435041929887739570e+03
7.444076771067531809e+03
7.452769365392326108e+03
7.459244290331079355e+03
7.463614034529217861e+03
7.469317244346612824e+03
7.480621853970093980e+03
7.487095787979702436e+03
7.493187548811192755e+03
7.494536333779139568e+03
7.504579151167810778e+03
7.509360935440615322e+03
7.514454721038682692e+03
7.519213978753312404e+03
7.524553434456726791e+03
7.529428257965251760e+03
7.531869506236464076e+03
7.537595110953183394e+03
7.542495722740939527e+03
7.543153881767650091e+03
7.544636884660519172e+03
7.546268408762899526e+03
7.548188858601209176e+03
7.550166369353511982e+03
7.551864783165045992e+03
7.553319342189779491e+03
7.554513727148974795e+03
7.554930568880223291e+03
7.555430081837537728e+03
7.555799479109925414e+03
7.556426024795371632e+03
7.556834745305097385e+03
7.557025937002302271e+03
7.557019289743578156e+03
7.556818054448848670e+03
7.556526670860363083e+03
7.556435747465490749e+03
7.556305998149931838e+03
7.555356778925964136e+03
7.554390054331382089e+03
7.553230950134397062e+03
7.551886770064661505e+03
7.550374159281750508e+03
7.548888073536662887e+03
7.547278489473073023e+03
7.544416536795753927e+03
7.543186768370239406e+03
7.541564483668719731e+03
7.539003617519102590e+03
7.535918456545074150e+03
7.532342226111622040e+03
7.528351608406355808e+03
7.524412097037962667e+03
7.520423194421849075e+03
7.516693734792213945e+03
7.512941372564474477e+03
7.509127865677937734e+03
7.505267251458578357e+03
7.501386347392092830e+03
7.497445849918663953e+03
7.493496590199739330e+03
7.489492171722776220e+03
7.486591256883353708e+03
7.480284124964064176e+03
7.473946731086010004e+03
7.468799033360960493e+03
7.463059209685306996e+03
7.457319772022782672e+03
7.451123818113446760e+03
7.450055826103126492e+03
7.442963940991792697e+03
7.440085802842542762e+03
7.436827878682532173e+03
