8.023333471537182959e+03
8.020857874012379398e+03
8.018115600300481674e+03
8.015904229745651719e+03
8.013184546746122578e+03
8.011656124329064369e+03
8.010278024115487824e+03
8.008326885364458576e+03
8.007193738346923965e+03
8.005633989424778520e+03
8.004697258186844920e+03
8.003801560984689786e+03
8.003095525271576662e+03
8.001849058305267135e+03
8.001344457132615389e+03
8.001007166464139118e+03
8.000836379524345830e+03
8.000782211429799645e+03
8.000832353856209920e+03
8.001032894150855100e+03
8.001293848573841387e+03
8.001651645425306015e+03
8.002195724079843785e+03
8.002916441889386078e+03
8.003755466489328683e+03
8.004746743066333693e+03
8.006222278269340677e+03
8.007601744638238415e+03
