2.478818424387024777e+01
2.479297519151716500e+01
2.479811291202088697e+01
2.480209775762969926e+01
2.480675251875646481e+01
2.480921800151627465e+01
2.481132368227392604e+01
2.481406174954100763e+01
2.481548166692945401e+01
2.481715049161265441e+01
2.481793241398419525e+01
2.481845455537771628e+01
2.481864163044005167e+01
2.481808381891870852e+01
2.481713894849271540e+01
2.481578101397576930e+01
2.481423499682495759e+01
2.481241399154196259e+01
2.481040425545835504e+01
2.480750495771597386e+01
2.480495653416950219e+01
2.480211103779769388e+01
2.479840431709723347e+01
2.479406423938600668e+01
2.478945951076102006e+01
2.478439284114858054e+01
2.477732092894006044e+01
2.477104626391147590e+01
