4.009284056563482324e+01
4.010342098230307784e+01
4.011401466760084134e+01
4.012461725716391925e+01
4.013522276038349901e+01
4.014582549435991154e+01
4.015641996443179096e+01
4.016700086247379176e+01
4.017756313308247940e+01
4.018810192143920546e+01
4.019861265462548516e+01
4.020909099035522161e+01
4.021953288068094423e+01
4.022993456365144027e+01
4.024029256542321065e+01
4.025060373645444400e+01
4.026086522248376554e+01
4.027107451238281755e+01
4.028122941891477637e+01
4.029132810698603606e+01
4.030136910495210856e+01
4.031135128893699004e+01
4.032127392565477919e+01
4.033113664514115726e+01
4.034093946851967871e+01
4.035068281154443781e+01
4.036036746534065145e+01
4.036999463865174675e+01
4.037956591004787299e+01
4.038908326828501316e+01
4.039854908516213783e+01
4.040796610689040591e+01
4.041733747847190727e+01
4.042666669231567056e+01
4.043595764563620776e+01
4.044521456186865294e+01
4.045444203751455348e+01
4.046364498701305479e+01
4.047282864466061625e+01
4.048199864629094691e+01
4.049115920633725096e+01
