2.870263857979670519e+01
2.873966536980499598e+01
2.876150957712181722e+01
2.878870608077550131e+01
2.881900538934340261e+01
2.883927550343125290e+01
2.886456417603834623e+01
2.891023647569681998e+01
2.893849076821193123e+01
2.896401717327383452e+01
2.899357310959676681e+01
2.902401495465814563e+01
2.904820031635196997e+01
2.907418052282130816e+01
2.911211128718466412e+01
2.913933282887476039e+01
2.916748614975142928e+01
2.919674732807246187e+01
2.922758801784594240e+01
2.926263767246862457e+01
2.930287182496773468e+01
2.933200232187179424e+01
2.937123211307882187e+01
2.941126012905165865e+01
2.945823240873279047e+01
2.952321876032609183e+01
2.956757988958755590e+01
2.963973937823227445e+01
