2.003522609855803083e+01
2.001741085826802902e+01
2.000855153740113224e+01
1.999903989233953183e+01
1.999023448237416289e+01
1.998530303629819116e+01
1.998013966306340095e+01
1.997334076136108649e+01
1.997060910909887710e+01
1.996902315766286051e+01
1.996815821469244767e+01
1.996828121707853043e+01
1.996906409366795643e+01
1.997054009976977440e+01
1.997380194450515845e+01
1.997690200484466772e+01
1.998073438945015567e+01
1.998535614382755199e+01
1.999089387548558960e+01
1.999797130634819453e+01
2.000706231770898924e+01
2.001425266293644256e+01
2.002469724674355689e+01
2.003620603095531294e+01
2.005074175420225302e+01
2.007255895563588410e+01
2.008851190826590738e+01
2.011616062458814014e+01
