1.999999887239087570e+01
2.000303319308229177e+01
2.000610722510131367e+01
2.000922155412814618e+01
2.001237602456428277e+01
2.001557051827825617e+01
2.001880489434233468e+01
2.002207900397994678e+01
2.002539268117245896e+01
2.002874575986769301e+01
2.003213806195628166e+01
2.003556939306986706e+01
2.003903955623707844e+01
2.004254833473545361e+01
2.004609550539163365e+01
2.004968083455955252e+01
2.005330407983444019e+01
2.005696498328463662e+01
2.006066327366488977e+01
2.006439866929134652e+01
2.006817087585041648e+01
2.007197958539698490e+01
2.007582448205369019e+01
2.007970524222623254e+01
2.008362152468463080e+01
2.008757297443217027e+01
2.009155922736811206e+01
2.009557990796147919e+01
2.009963462924111610e+01
2.010372298737658880e+01
2.010784457037278727e+01
2.011199895165346163e+01
2.011618569947115986e+01
2.012040436153914413e+01
2.012465447637292115e+01
2.012893557044512249e+01
2.013324715847941349e+01
2.013758874495715645e+01
2.014195981172969852e+01
2.014635987028122344e+01
2.015078777520572118e+01
