1.363009400846935293e+01
1.366045959532224430e+01
1.369992664745662125e+01
1.372950325262765858e+01
1.375547647713693955e+01
1.378345913220613461e+01
1.380887410508626800e+01
1.383025083193437510e+01
1.385452415060740172e+01
1.388017588101843991e+01
1.390277891109566077e+01
1.394191993646168015e+01
1.396264795602302833e+01
1.398333543388805111e+01
1.400733370152510204e+01
1.402563728420045663e+01
1.405577046579518274e+01
1.407334165718383545e+01
1.409501550463320640e+01
1.411085839239567719e+01
