1.370093395236690093e+01
1.372687055772619402e+01
1.376087004124646107e+01
1.378657800852892201e+01
1.380932658700902316e+01
1.383402713646009019e+01
1.385664446653604109e+01
1.387581136637568946e+01
1.389774368579827346e+01
1.392112817389864610e+01
1.394192119188988599e+01
1.397837953888528162e+01
1.399793847051058648e+01
1.401764794528041413e+01
1.404076562869222755e+01
1.405859472121671949e+01
1.408835269794848521e+01
1.410595892456983158e+01
1.412795907569567966e+01
1.414425472432406927e+01
