2.273220149571608999e+03
2.279652960133271336e+03
2.283950046635350191e+03
2.289761725313558600e+03
2.296781178710345102e+03
2.301768879676054439e+03
2.308292197541171390e+03
2.320841767450036059e+03
2.329053640896031538e+03
2.336740864862475519e+03
2.345936945671719059e+03
2.355716967378074514e+03
2.363695316368743988e+03
2.372458854899180096e+03
2.385590091986212428e+03
2.395244750174156252e+03
2.405420300416357804e+03
2.416190441255835594e+03
2.427744619814519410e+03
2.441114028626755953e+03
2.456754975425213161e+03
2.468264349849022892e+03
2.483995454707096997e+03
2.500305625691523801e+03
2.519758672751980612e+03
2.547191101275976507e+03
2.566239425834747180e+03
2.597740794395750527e+03
