2.856197299052029393e+03
2.861949943028535472e+03
2.865581035810548201e+03
2.870320060452913822e+03
2.875857227994849836e+03
2.879699454431747654e+03
2.884635105367939559e+03
2.893912185016653893e+03
2.899863179380234214e+03
2.905366382269754922e+03
2.911877918575380590e+03
2.918730353412708155e+03
2.924272934867312870e+03
2.930318114395475277e+03
2.939303090170340965e+03
2.945860394862289013e+03
2.952732156872917130e+03
2.959966108072046154e+03
2.967686340565539467e+03
2.976572861630959778e+03
2.986912806571692272e+03
2.994486596500694304e+03
3.004795590427647312e+03
3.015436756227848491e+03
3.028072094075591849e+03
3.045798477722416010e+03
3.058051260059814922e+03
3.078226298897516699e+03
