2.282621488564653944e+01
2.287147643134944630e+01
2.291053420412795560e+01
2.294119391223209448e+01
2.296817482277913314e+01
2.300245847813588185e+01
2.303609459710117591e+01
2.307486558073813399e+01
2.311196840241706596e+01
2.313427378376662702e+01
2.317048942564101566e+01
2.319217837002629068e+01
2.321714180726432275e+01
2.324009509341791002e+01
2.327240084958469524e+01
2.331671444772243973e+01
2.334031699616577527e+01
2.335892898408081209e+01
2.337828028339760777e+01
2.340288031192658025e+01
2.342294896253440584e+01
2.344053059196918554e+01
2.347316165789845144e+01
2.349043898074994630e+01
2.352154248861332420e+01
