1.371781894744763804e+03
1.378678604715265692e+03
1.386550681547637168e+03
1.393115924547984605e+03
1.401528057976945547e+03
1.406462060004900650e+03
1.411071852811688586e+03
1.417932335955470762e+03
1.422150360099873524e+03
1.428348517266420458e+03
1.432373367049524859e+03
1.436531512730595296e+03
1.440117382914769905e+03
1.447667202394357219e+03
1.451710680908742233e+03
1.455410607703240657e+03
1.458462517956214469e+03
1.461257220746666462e+03
1.463743291126460008e+03
1.466631997402472280e+03
1.468710210156039466e+03
1.470669169047154583e+03
1.472796559350103507e+03
1.474832044859860844e+03
1.476586945016414802e+03
1.478147349773282713e+03
1.479824924186077169e+03
1.480930899907845514e+03
