4.618893013827578216e+03
4.625108019595839323e+03
4.630550334699289124e+03
4.634876866447272732e+03
4.638725869703380340e+03
4.643675671505963692e+03
4.648599629579501197e+03
4.654363648366968846e+03
4.659974287086480217e+03
4.663394617595176896e+03
4.669028531458468024e+03
4.672452989781327233e+03
4.676443981267301751e+03
4.680162802790406204e+03
4.685481735985988053e+03
4.692952384913284732e+03
4.697021099466550368e+03
4.700276907541203400e+03
4.703708930278788102e+03
4.708145103232643123e+03
4.711828874660494876e+03
4.715107133759658609e+03
4.721327856988350504e+03
4.724699111761859058e+03
4.730917552078042718e+03
