1.467298372652423488e+01
1.469712821298222671e+01
1.471243992522109600e+01
1.473248516154482957e+01
1.475597568535606108e+01
1.477231107788554887e+01
1.479333037588404665e+01
1.483292561179774616e+01
1.485837379621951371e+01
1.488193531433057615e+01
1.490984429531840405e+01
1.493924540968101766e+01
1.496304696920574351e+01
1.498902551496300717e+01
1.502766959631632027e+01
1.505589394356402089e+01
1.508548931661626291e+01
1.511666220083890799e+01
1.514994876035179594e+01
1.518828499582250302e+01
1.523291696207863488e+01
1.526562487896458187e+01
1.531016469312523931e+01
1.535616149161950794e+01
1.541080428595725316e+01
1.548750658763676213e+01
1.554055073289986666e+01
1.562793297910481982e+01
