6.306197884285098532e+00
6.305219354643431195e+00
6.304221014175855231e+00
6.303198887938495254e+00
6.302146833181351049e+00
6.301059761897300326e+00
6.299931894816728217e+00
6.298756066628066641e+00
6.297526720230113284e+00
6.296237433017693341e+00
6.294879702646593245e+00
6.293447472145687449e+00
6.291933102795383093e+00
6.290326666940098121e+00
6.288621380103576186e+00
6.286808023249204069e+00
6.284875112883360870e+00
6.282814767422849833e+00
6.280615755884330298e+00
6.278264668752235877e+00
6.275752056391612044e+00
6.273064315468109164e+00
6.270185887934938584e+00
6.267105317416045374e+00
6.263805914700467881e+00
6.260269317849264326e+00
6.256481446224036347e+00
6.252421879629115331e+00
6.248068989217130387e+00
6.243405282786668842e+00
6.238405372316006670e+00
6.233043495553800994e+00
6.227297750685591105e+00
6.221136461604880985e+00
6.214528944871346994e+00
6.207447287485552856e+00
6.199851330629021717e+00
6.191705142471000123e+00
6.182971310986421720e+00
6.173596349201723399e+00
6.163593213278903526e+00
