4.344126086042758288e+03
4.375124690382763220e+03
4.389736965780766695e+03
4.404549002649722752e+03
4.417062545778720050e+03
4.423298189301274761e+03
4.428875726545585167e+03
4.433324321004841295e+03
4.432793852457474713e+03
4.430350992802686960e+03
4.425359870861319905e+03
4.417961865418568777e+03
4.410558891571203276e+03
4.401192697593862249e+03
4.385053788112722032e+03
4.371781300950132390e+03
4.356660309502640303e+03
4.339522601100140491e+03
4.319975918308776272e+03
4.296016250548498647e+03
4.266360250725193509e+03
4.243534421699231643e+03
4.211099877688804554e+03
4.176109196353904736e+03
4.132754215145475428e+03
4.068972028167373992e+03
4.023072805923175110e+03
3.944628657135936464e+03
