1.448942730714507654e+01
1.453721357692783123e+01
1.457884594611837770e+01
1.461179874434677473e+01
1.464100566037131657e+01
1.467841294935642971e+01
1.471545200222602467e+01
1.475858736176581942e+01
1.480033998577218668e+01
1.482567747459534324e+01
1.486721905841841362e+01
1.489234967675854548e+01
1.492152206890586186e+01
1.494859143716406003e+01
1.498711474975699787e+01
1.504083061590950265e+01
1.506988942579115864e+01
1.509304098672269667e+01
1.511734666004776706e+01
1.514861127558339149e+01
1.517444070150147795e+01
1.519732425668845721e+01
1.524047748048866247e+01
1.526371379345402524e+01
1.530629181158107954e+01
