8.329503247814443966e+03
8.389695823135549290e+03
8.442136942089879085e+03
8.483645152351582510e+03
8.520435015155391739e+03
8.567554391533143644e+03
8.614210029097284860e+03
8.668544912749304785e+03
8.721138192903177696e+03
8.753054380003015467e+03
8.805382057382808853e+03
8.837037805517382367e+03
8.873784839210615246e+03
8.907882866495390772e+03
8.956409015313405689e+03
9.024072808878361684e+03
9.060677187437000612e+03
9.089840472450870948e+03
9.120457618627760894e+03
9.159840837585568806e+03
9.192377574714291768e+03
9.221203531545335863e+03
9.275562958241480374e+03
9.304833467711965568e+03
9.358468679208426693e+03
