1.999999966830546327e+01
2.001431071009318430e+01
2.002974963678110498e+01
2.004632688164684851e+01
2.006404381877158016e+01
2.008289595113814130e+01
2.010287213554065033e+01
2.012395430804627949e+01
2.014611713978928265e+01
2.016932765064854038e+01
2.019354487199970549e+01
2.021871959159130938e+01
2.024479400259755835e+01
2.027170142810416564e+01
2.029936607989114350e+01
2.032770279731022356e+01
2.035661680154069586e+01
2.038600345422926807e+01
2.041574816552497396e+01
2.044572584233978318e+01
2.047580347538956858e+01
