2.098251908448282421e+01
2.098044970868867409e+01
2.097737788348224797e+01
2.097477323659529347e+01
2.097225749903513048e+01
2.096929311309106225e+01
2.096635825579794954e+01
2.096370016576708650e+01
2.096045930388447687e+01
2.095676096704789160e+01
2.095325377818512536e+01
2.094658297085427989e+01
2.094271747308252074e+01
2.093860977621408637e+01
2.093350875940040368e+01
2.092935740323057914e+01
2.092198600175577283e+01
2.091735182572981344e+01
2.091126113194930980e+01
2.090652560932431570e+01
