1.932366529205871686e+01
1.934154422286082564e+01
1.935703110418095463e+01
1.936922826916621432e+01
1.937999267597170672e+01
1.939371424006946043e+01
1.940722664418386501e+01
1.942286717166834364e+01
1.943790469929837172e+01
1.944697991924426006e+01
1.946177426165614222e+01
1.947067160596857605e+01
1.948094884002861704e+01
1.949043488315285799e+01
1.950384880573849955e+01
1.952237774628337874e+01
1.953231301005194354e+01
1.954018257821538640e+01
1.954839940477534910e+01
1.955889907796956706e+01
1.956751255620831031e+01
1.957509630629500919e+01
1.958927235888321405e+01
1.959683554079270706e+01
1.961056156027266084e+01
