2.052083885699491006e+01
2.056571461022810610e+01
2.062435260087682565e+01
2.066854266535201745e+01
2.070753521605578840e+01
2.074975157108190871e+01
2.078829188506845327e+01
2.082086300414381341e+01
2.085802908461028693e+01
2.089752868116819684e+01
2.093253630854119862e+01
2.099364523537122906e+01
2.102627824051106131e+01
2.105905107499639328e+01
2.109734274039584179e+01
2.112676060842882464e+01
2.117562912854364754e+01
2.120439902604363525e+01
2.124019170510272048e+01
2.126658610960705076e+01
