2.000000134744684033e+01
2.000000190094149488e+01
2.000000173780625090e+01
2.000000161539888666e+01
2.000000149134244509e+01
2.000000137450852122e+01
2.000000126039083170e+01
2.000000114698435993e+01
2.000000102439389593e+01
2.000000089488942834e+01
2.000000075892593188e+01
2.000000061039503407e+01
2.000000045257886683e+01
2.000000027864624030e+01
2.000000008690090070e+01
1.999999987696977044e+01
1.999999965100630206e+01
1.999999940707522228e+01
1.999999914082465580e+01
1.999999884925101767e+01
1.999999852781369469e+01
1.999999816925728879e+01
1.999999777022635783e+01
1.999999733122553280e+01
1.999999684528336985e+01
1.999999630207601342e+01
1.999999569344697647e+01
1.999999501089897436e+01
1.999999424508229140e+01
1.999999337998325544e+01
1.999999240183050730e+01
1.999999129254685215e+01
1.999999003917197626e+01
1.999998861686371043e+01
1.999998700035197174e+01
1.999998516130615300e+01
1.999998306705759887e+01
1.999998068220584102e+01
1.999997795198973805e+01
1.999997486423897897e+01
1.999997062626436062e+01
