1.717037018385659763e+01
1.720428623583803329e+01
1.722114227590125424e+01
1.723922849987745565e+01
1.725595684941059460e+01
1.726531586159449816e+01
1.727510314064585017e+01
1.728795440837677333e+01
1.729308880377032054e+01
1.729604306665014235e+01
1.729760852978543895e+01
1.729728457942542263e+01
1.729571867032965926e+01
1.729282374186722038e+01
1.728648318610200008e+01
1.728048293527167445e+01
1.727308133341990271e+01
1.726416891748799287e+01
1.725350250729134416e+01
1.723988320016139397e+01
1.722240310310344924e+01
1.720858545908988546e+01
1.718852318600429996e+01
1.716642612051354533e+01
1.713852776049275306e+01
1.709667021931023356e+01
1.706607280776550084e+01
1.701305699742826860e+01
