1.705809934596007338e+01
1.708686348947679434e+01
1.712002973458299948e+01
1.714799309566963359e+01
1.718427856253411079e+01
1.720582859281627464e+01
1.722616238704699043e+01
1.725682367301987696e+01
1.727594131404967825e+01
1.730445554145908460e+01
1.732327640965350213e+01
1.734300915940643151e+01
1.736029200745604584e+01
1.739764125106276893e+01
1.741829715282596069e+01
1.743769637507750758e+01
1.745412818340301087e+01
1.746958454331342026e+01
1.748372776137148321e+01
1.750073134849556666e+01
1.751343145712231930e+01
1.752585059148131563e+01
1.753996033142257005e+01
1.755426204001311774e+01
1.756746395176338282e+01
1.758018481840812797e+01
1.759550211743839654e+01
1.760722904065056227e+01
