1.920752697029523915e+03
1.925338126227033399e+03
1.931336770972149907e+03
1.935862897580904473e+03
1.939860801406914788e+03
1.944193810097496680e+03
1.948153856293434046e+03
1.951503938253943033e+03
1.955330576480635955e+03
1.959402296333685172e+03
1.963015327885252873e+03
1.969332611864858336e+03
1.972711883813550003e+03
1.976109918940577927e+03
1.980085896654604767e+03
1.983144885151250719e+03
1.988235452317098407e+03
1.991237963576913216e+03
1.994979568424551189e+03
1.997743353870230976e+03
