2.253032045524589577e+01
2.253444207052480053e+01
2.253779034483268617e+01
2.254027546665448867e+01
2.254235288276875693e+01
2.254483722470623519e+01
2.254709656514318539e+01
2.254946817351146393e+01
2.255148864692052868e+01
2.255257868574440749e+01
2.255413640472604087e+01
2.255493661582472242e+01
2.255572726507202930e+01
2.255632472985704595e+01
2.255694226077258691e+01
2.255732942086575221e+01
2.255729961042280962e+01
2.255715135183589837e+01
2.255687377590760434e+01
2.255632803135610231e+01
2.255571235742765879e+01
2.255503872003653143e+01
2.255342950930903356e+01
2.255237335099178964e+01
2.255007887153790946e+01
