1.918806132620984428e+01
1.928305110276839329e+01
1.933656795240317194e+01
1.940087705429155562e+01
1.946978533639699904e+01
1.951441857391631629e+01
1.956859080599269873e+01
1.966256697858927183e+01
1.971845032482006843e+01
1.976759038277655023e+01
1.982300306074910878e+01
1.987852721182369820e+01
1.992159280436619895e+01
1.996688388614867549e+01
2.003131664790736366e+01
2.007639753115604364e+01
2.012206449281777054e+01
2.016855259595688565e+01
2.021653153253093649e+01
2.026986029628325170e+01
2.032960000988496319e+01
2.037192346058745329e+01
2.042775645692609743e+01
2.048342391645841332e+01
2.054717422137355243e+01
2.063276434568444628e+01
2.068957003686179519e+01
2.077937573345850808e+01
