1.412428386524864976e+01
1.411076838927490407e+01
1.410394087973259758e+01
1.409649454012251368e+01
1.408944223205804391e+01
1.408539022806050056e+01
1.408102157937507748e+01
1.407488539584814013e+01
1.407211284654122707e+01
1.407022023162132207e+01
1.406870316266417653e+01
1.406784443926814276e+01
1.406763782914027239e+01
1.406785671731950593e+01
1.406894468548768096e+01
1.407025247594259199e+01
1.407203974001455471e+01
1.407434061724823771e+01
1.407722836950301470e+01
1.408105442891164394e+01
1.408611750387158246e+01
1.409020552139690707e+01
1.409623938022581768e+01
1.410298723942005594e+01
1.411162099984661467e+01
1.412475080131468985e+01
1.413444936781813155e+01
1.415140487791269486e+01
