2.223095749820464562e+01
2.226179456040454241e+01
2.228041771298614648e+01
2.230399999036099601e+01
2.233073999695843881e+01
2.234887918387216743e+01
2.237176731943063501e+01
2.241376312457779107e+01
2.244012759239522836e+01
2.246417668102120402e+01
2.249227546361028018e+01
2.252148093408053953e+01
2.254486273794049467e+01
2.257014539286025823e+01
2.260734646096505784e+01
2.263424234143783664e+01
2.266222219328081522e+01
2.269146963749955148e+01
2.272246969912102088e+01
2.275790495703513017e+01
2.279883390163467993e+01
2.282862609507309415e+01
2.286894559110222858e+01
2.291030763487815136e+01
2.295911412694938036e+01
2.302708336032094394e+01
2.307375717092156364e+01
2.315012172837291970e+01
