2.000000012314279019e+01
2.000068158805564167e+01
2.000137161036182221e+01
2.000207083414673193e+01
2.000277918737083738e+01
2.000349664182503062e+01
2.000422315460475531e+01
2.000495868253428000e+01
2.000570317291818512e+01
2.000645658070043353e+01
2.000721885650029108e+01
2.000798994235417183e+01
2.000876978556692265e+01
2.000955832173976034e+01
2.001035548836644651e+01
2.001116122107324102e+01
2.001197545533782574e+01
2.001279812012102965e+01
2.001362913988515757e+01
2.001446843738890635e+01
2.001531593148637000e+01
2.001617153603431021e+01
2.001703516551836870e+01
2.001790673517548669e+01
2.001878615109213300e+01
2.001967331394398641e+01
2.002056812373464822e+01
2.002147047765284782e+01
2.002238027012610644e+01
2.002329738744650456e+01
2.002422171629638470e+01
2.002515313731477420e+01
2.002609153421722965e+01
2.002703677835183171e+01
2.002798873953004133e+01
2.002894728317881601e+01
2.002991227002061336e+01
2.003088355748184313e+01
2.003186098575367424e+01
2.003284443227131106e+01
2.003383309579116300e+01
