1.336005293091799473e+01
1.338403961635189887e+01
1.341062813774827767e+01
1.343208589824272714e+01
1.345850208125456327e+01
1.347336353454980618e+01
1.348677577874880029e+01
1.350579084469991820e+01
1.351685211230305406e+01
1.353210794691623953e+01
1.354129342142881143e+01
1.355010042154946426e+01
1.355706635484819067e+01
1.356945843926203743e+01
1.357455126865597883e+01
1.357803244532565046e+01
1.357988610930040174e+01
1.358061504849809253e+01
1.358033190453655692e+01
1.357865494418449970e+01
1.357634304178795048e+01
1.357310442965254893e+01
1.356811395012243615e+01
1.356144286253791442e+01
1.355362925352392800e+01
1.354435816565120021e+01
1.353050816332917705e+01
1.351752421036636420e+01
