8.918366112425254641e+02
8.917251041237552727e+02
8.915902102265787335e+02
8.914970665865408819e+02
8.914212683949729126e+02
8.913462756902124511e+02
8.912845310922167528e+02
8.912375744391546277e+02
8.911900996670591439e+02
8.911471084559384508e+02
8.911157488509735458e+02
8.910771328910791453e+02
8.910654216848304259e+02
8.910602912424732267e+02
8.910631601642953683e+02
8.910721957455097026e+02
8.911011715220895439e+02
8.911268843151366355e+02
8.911684337212039964e+02
8.912062466920258430e+02
