1.932803591259122200e+01
1.934743005209312017e+01
1.937269734329464654e+01
1.939168027861589039e+01
1.940838643372777028e+01
1.942642504811351500e+01
1.944284660769268669e+01
1.945668874104596213e+01
1.947244154711703246e+01
1.948913194572671870e+01
1.950387779101889052e+01
1.952950679453961413e+01
1.954313159848860693e+01
1.955676906356564615e+01
1.957264191827434630e+01
1.958478925889138011e+01
1.960487194394194077e+01
1.961663536167138844e+01
1.963120433392665376e+01
1.964189839331132603e+01
