8.593870306087803328e+03
8.597281632450105462e+03
8.601115576018059073e+03
8.608246605529993758e+03
8.610574070227798074e+03
8.614946885195051436e+03
8.617681608433244037e+03
8.619934017203939220e+03
8.623331281570817737e+03
8.626354590728587937e+03
8.631585167872228340e+03
8.636626927622772200e+03
8.643260453739423610e+03
8.650202473863068008e+03
8.651946778266114052e+03
8.655653215887459737e+03
8.657331499572635948e+03
8.660617536455943991e+03
8.662460902012842780e+03
8.672744550991095821e+03
8.681118623369109628e+03
8.686784671023164265e+03
8.690530632123916803e+03
8.695959082701918305e+03
8.701662366187405496e+03
8.707193378741741981e+03
8.711347587966365609e+03
8.714165730796465141e+03
8.717871872770079790e+03
8.725403444953868529e+03
8.729849616679444807e+03
8.734130691442900570e+03
8.735094497943417082e+03
8.742526943738495902e+03
8.746245606665521336e+03
8.750311026288582070e+03
8.754213731605714202e+03
8.758744220710092122e+03
8.763051323949368452e+03
8.765288291547500194e+03
8.770787897913005509e+03
8.775888694568928258e+03
8.776610435678519934e+03
8.778278179472808915e+03
8.780191446305143472e+03
8.782572067418816005e+03
8.785218467649307058e+03
8.787723106002953500e+03
8.790126142816950960e+03
8.792394644862881250e+03
8.793284069615081535e+03
8.794452251766510017e+03
8.795419197537879882e+03
8.797410768988049313e+03
8.799306670622372621e+03
8.801084580444179664e+03
8.802760148989151276e+03
8.804344310631749977e+03
8.805540658186062501e+03
8.805832142407984065e+03
8.806208207795270937e+03
8.808217426485836768e+03
8.809636509109272083e+03
8.810955034785843964e+03
8.812177226556783353e+03
8.813308795351729714e+03
8.814243870131485892e+03
8.815113110275555300e+03
8.816190611989593890e+03
8.816527505480566106e+03
8.816927457686222624e+03
8.817425855534076618e+03
8.817808490410834565e+03
8.818080126865937928e+03
8.818257701417634962e+03
8.818381708064904160e+03
8.818473224988485526e+03
8.818524706446673008e+03
8.818554519289435120e+03
8.818558180196952890e+03
8.818538328775817718e+03
8.818499536597977567e+03
8.818438600927060179e+03
8.818362380432276041e+03
8.818266734520520913e+03
8.818183774862716746e+03
8.817979042050545104e+03
8.817748521718347547e+03
8.817545480498069082e+03
8.817307570590630348e+03
8.817056946436036014e+03
8.816784246327260917e+03
8.816740698696681648e+03
8.816381588141197426e+03
8.816216659975509174e+03
8.816002296766755535e+03
