1.554638048958951686e+03
1.556686467464239058e+03
1.559200272455328559e+03
1.561456084308966865e+03
1.564586063082367446e+03
1.566562486852700886e+03
1.568514096411024866e+03
1.571628724544080569e+03
1.573683653413967704e+03
1.576925092818140001e+03
1.579190228107213215e+03
1.581682110725121220e+03
1.583970836430627514e+03
1.589295065517251260e+03
1.592489749430161282e+03
1.595675026394456609e+03
1.598528638413918543e+03
1.601357010702047091e+03
1.604080082324214573e+03
1.607543766037559635e+03
1.610281326512458463e+03
1.613097250091146407e+03
1.616482761680828389e+03
1.620143458916096961e+03
1.623757857059619255e+03
1.627488075172704612e+03
1.632361358852833973e+03
1.636430536601795438e+03
