4.075681553560196591e+01
4.075965059466315665e+01
4.076193453812146572e+01
4.076365102354733949e+01
4.076478267502110242e+01
4.076531272590928268e+01
4.076522504418750970e+01
4.076450421983742700e+01
4.076313573927633627e+01
4.076110604460821207e+01
4.075840272728145663e+01
4.075501458330388260e+01
4.075093179918670216e+01
4.074614605599722950e+01
4.074065063791162800e+01
4.073444058146092317e+01
4.072751275653014602e+01
4.071986600658161848e+01
4.071150122478176314e+01
4.070242147994786563e+01
4.069263210064163871e+01
4.068214073355806448e+01
4.067095746315438021e+01
4.065909484224931703e+01
4.064656796691007656e+01
4.063339453460312711e+01
4.061959486587117851e+01
4.060519196843508638e+01
4.059021151643347025e+01
4.057468190982742584e+01
4.055863424109166004e+01
4.054210228580519271e+01
4.052512251091702922e+01
4.050773399902764993e+01
4.048997845885070745e+01
4.047190011324768477e+01
4.045354566934373963e+01
4.043496422596313522e+01
4.041620712313112307e+01
4.039732817641381502e+01
4.037837919890952065e+01
