1.876219372874604005e+03
1.876406902343457432e+03
1.877168541150605279e+03
1.878715551780178885e+03
1.881145467222140724e+03
1.883149368853058377e+03
1.886039407898973423e+03
1.892255148532204885e+03
1.896681784852741202e+03
1.901028827595306893e+03
1.906445123130948332e+03
1.912423569094355571e+03
1.917443488658309889e+03
1.923086359999050273e+03
1.931761363839754040e+03
1.938286459718847482e+03
1.945281841639170580e+03
1.952804303806865391e+03
1.960995647901928805e+03
1.970614034234554310e+03
1.982036359391807537e+03
1.990546244779502103e+03
2.002306682526194209e+03
2.014642260104750676e+03
2.029524171845472210e+03
2.050786473341496276e+03
2.065718604004308872e+03
2.090677759263974622e+03
