1.500569906317757386e+03
1.501277998806674304e+03
1.502228539924783036e+03
1.502964797360288912e+03
1.503629411458339291e+03
1.504365523617556619e+03
1.505053258382943341e+03
1.505646701849592546e+03
1.506338154147056002e+03
1.507090486933636384e+03
1.507773040906732149e+03
1.509002232832430082e+03
1.509679488554983209e+03
1.510375162962686545e+03
1.511208727059989315e+03
1.511865105161691190e+03
1.512988151672361937e+03
1.513669563250367219e+03
1.514539679574200136e+03
1.515198110925511173e+03
