4.392304327951324012e+03
4.409024848296277924e+03
4.418549355978841049e+03
4.430094972668149239e+03
4.442589007077288443e+03
4.450749962843136927e+03
4.460727828325817427e+03
4.478228122639588037e+03
4.488750812568057881e+03
4.498075987132234332e+03
4.508673231186196062e+03
4.519379387243897327e+03
4.527744132375757545e+03
4.536598906068383258e+03
4.549298880135488616e+03
4.558256904043631039e+03
4.567392636063274040e+03
4.576756403821740605e+03
4.586488411481614094e+03
4.597387196321223200e+03
4.609699097356319726e+03
4.618487991317999331e+03
4.630167165902506895e+03
4.641908642879054241e+03
4.655474971690839993e+03
4.673892626696560910e+03
4.686246692140120103e+03
4.705992493726906105e+03
