1.431573455452766019e+01
1.431597100476200168e+01
1.431643993444743579e+01
1.431732675535165988e+01
1.431867222328751410e+01
1.431976376978516541e+01
1.432132292303609589e+01
1.432464294024880402e+01
1.432699101053549917e+01
1.432928837462391947e+01
1.433214222811350602e+01
1.433528393895745090e+01
1.433791667876616494e+01
1.434087151868544474e+01
1.434540642539493405e+01
1.434881245172138797e+01
1.435246002371814988e+01
1.435637855466272050e+01
1.436064160498640518e+01
1.436564288640510689e+01
1.437157685306961774e+01
1.437599455993551700e+01
1.438209578538276112e+01
1.438849110611522519e+01
1.439620152129085540e+01
1.440720953564470364e+01
1.441493538117402373e+01
1.442784157369820441e+01
