1.999999968272775064e+01
2.000333079379856116e+01
2.000670992494330847e+01
2.001014149832646183e+01
2.001362961693534714e+01
2.001717845999473866e+01
2.002079224572371885e+01
2.002447522267504709e+01
2.002823165164154062e+01
2.003206580644700807e+01
2.003598194994441073e+01
2.003998431433150884e+01
2.004407710193960312e+01
2.004826445291609360e+01
2.005255044513356921e+01
2.005693907538599774e+01
2.006143424751288151e+01
2.006603975124386707e+01
2.007075925072004807e+01
2.007559627393894885e+01
2.008055419681615206e+01
2.008563622913511182e+01
2.009084540721513079e+01
2.009618458165903476e+01
2.010165639550174177e+01
2.010726327664387014e+01
2.011300743193004337e+01
2.011889083425068492e+01
2.012491521316031395e+01
2.013108204067661688e+01
2.013739253154636089e+01
2.014384762945954321e+01
2.015044800878765585e+01
2.015719405344329473e+01
2.016408586201737307e+01
2.017112324096732223e+01
2.017830569960853637e+01
2.018563245094331648e+01
2.019310239197303503e+01
2.020071417210303721e+01
2.020846532034466847e+01
