1.565743158577544314e+01
1.566699532213300472e+01
1.567917160674271138e+01
1.568809540773045264e+01
1.569578020745364633e+01
1.570389073938833668e+01
1.571109590999341599e+01
1.571703026306762752e+01
1.572362080913393889e+01
1.573040390289379253e+01
1.573621575619278268e+01
1.574588290650883238e+01
1.575078119166437141e+01
1.575550391980615217e+01
1.576075922429255272e+01
1.576459416202487773e+01
1.577055074108758603e+01
1.577380098585062385e+01
1.577756125382786578e+01
1.578012154334329331e+01
