2.312655090439417904e+01
2.314340975809771095e+01
2.316538975849081439e+01
2.318191544977029039e+01
2.319646845068280072e+01
2.321219257843985417e+01
2.322651703723910899e+01
2.323859919899621218e+01
2.325235815182929500e+01
2.326694712050921154e+01
2.327984642144768657e+01
2.330229015952469851e+01
2.331423500897395229e+01
2.332620096474611415e+01
2.334014174403217012e+01
2.335082086957624625e+01
2.336849752623933796e+01
2.337886488262074636e+01
2.339171956655452433e+01
2.340116639086618733e+01
