2.387991407324051920e+02
2.393627162765994001e+02
2.401099415533556964e+02
2.406815748291031696e+02
2.411923678984244361e+02
2.417524682773550353e+02
2.422705190116325298e+02
2.427135608447457571e+02
2.432252143740323049e+02
2.437764611703524054e+02
2.442717654712003821e+02
2.451524972208589759e+02
2.456317352891857979e+02
2.461196615042279348e+02
2.466986210643793811e+02
2.471502465570153788e+02
2.479144538582070538e+02
2.483730173348031371e+02
2.489530823737158016e+02
2.493880140723649674e+02
