1.221198965956172970e+03
1.216875841007890813e+03
1.211215139724132541e+03
1.206939907462466635e+03
1.203160549309950511e+03
1.199061012842325681e+03
1.195311124141041319e+03
1.192136328681294344e+03
1.188506992403226150e+03
1.184641645903765721e+03
1.181208522785214200e+03
1.175198120557801758e+03
1.171978768812456565e+03
1.168738392973209557e+03
1.164942685811036881e+03
1.162019156289159127e+03
1.157147406376271647e+03
1.154269872226440157e+03
1.150679504030807038e+03
1.148024057042023514e+03
