7.370461622314207489e+03
7.363421477259093081e+03
7.355653599010840480e+03
7.341444459348067539e+03
7.336895343656960904e+03
7.328377329438101697e+03
7.323079346928435371e+03
7.318755809103994579e+03
7.312313473681272626e+03
7.306634659021481639e+03
7.296876069051618288e+03
7.287629470934857636e+03
7.275818253017583629e+03
7.263842872309067388e+03
7.260875774085377998e+03
7.254619759787121438e+03
7.251818164293195878e+03
7.246418011907130676e+03
7.243448036755980866e+03
7.227739725602295039e+03
7.215878965733511905e+03
7.208134519929146336e+03
7.203125526497162355e+03
7.196047633002654038e+03
7.188803895649823062e+03
7.181955855794830313e+03
7.176941403484466719e+03
7.173598373954608178e+03
7.169297359826492539e+03
7.161144465039273200e+03
7.156722036997271971e+03
7.152706822126016050e+03
7.151843395926722224e+03
7.145780940504952923e+03
7.143125669802091579e+03
7.140457835703757155e+03
7.138103247033855041e+03
7.135679746777061155e+03
7.133687143663194547e+03
7.132792359206850961e+03
7.130960185714173349e+03
7.129843604292541386e+03
7.129740282000843763e+03
7.129552238680073060e+03
7.129431617786636707e+03
7.129433557483254845e+03
7.129641341644003660e+03
7.130067747516337477e+03
7.130703388563400040e+03
7.131531173234346170e+03
7.131921907773858038e+03
7.132494673981204869e+03
7.133022958942257901e+03
7.134278706632310787e+03
7.135704612900394750e+03
7.137274416208716502e+03
7.138978176175824956e+03
7.140820081043383652e+03
7.142376587428034327e+03
7.142778917540486873e+03
7.143312461082562550e+03
7.146474033815245093e+03
7.149053403761612572e+03
7.151749855963619666e+03
7.154558315547700658e+03
7.157463486505419496e+03
7.160134194260379445e+03
7.162873265197830733e+03
7.167239383996064134e+03
7.168957899832697876e+03
7.171178810051371329e+03
7.174536760543904165e+03
7.178335902215690112e+03
7.182577110442890444e+03
7.187143146443160731e+03
7.191582653264327746e+03
7.196037800621155839e+03
7.200150283329483500e+03
7.204266158231140253e+03
7.208408140157063826e+03
7.212569556315122099e+03
7.216733178414869144e+03
7.220922657795421401e+03
7.225106879520904840e+03
7.229318068455090724e+03
7.232335756059697815e+03
7.238878307088448310e+03
7.245417489899486100e+03
7.250702100233950659e+03
7.256573329890262357e+03
7.262425310602022364e+03
7.268738316401385418e+03
7.269830146635286837e+03
7.276968325560828816e+03
7.279833197304112218e+03
7.283028680024067398e+03
