6.140797466791773296e+00
6.141172524773489627e+00
6.141547548534495249e+00
6.141890372494228423e+00
6.142174572902107776e+00
6.142461539102112233e+00
6.142717193428525846e+00
6.142902688854885440e+00
6.143092142272682743e+00
6.143264882716056086e+00
6.143353869429605929e+00
6.143438572215381477e+00
6.143529797161491501e+00
6.143530625541728796e+00
6.143505140020716127e+00
6.143511501614703718e+00
6.143436525775072710e+00
6.143301912664246522e+00
6.143215807865519018e+00
6.143077220785733594e+00
6.142843502437262515e+00
6.142656169641762531e+00
6.142461875736275445e+00
6.142147520986709353e+00
6.141853550280332641e+00
6.141604925898366041e+00
6.141234473575358344e+00
6.140836978872130203e+00
6.140527758867158070e+00
6.140124148669896975e+00
6.139638683521616791e+00
6.139264170921815200e+00
6.138845769447545564e+00
6.138294809234965399e+00
6.137854590522745291e+00
6.137432476402556070e+00
6.136839854375783609e+00
6.136359265964932419e+00
6.135923312688519538e+00
6.135246768335477441e+00
6.135957320916562985e+00
