7.006400396301251021e+03
7.003427799058207711e+03
6.999943806856125775e+03
6.996955670188301156e+03
6.993002845444963896e+03
6.990611565566643549e+03
6.988323003042672099e+03
6.984808219599944096e+03
6.982574735859211614e+03
6.979177857697444779e+03
6.976889045217249986e+03
6.974445844958616362e+03
6.972266491728895744e+03
6.967416205708352209e+03
6.964640783565138918e+03
6.961965460212578364e+03
6.959641536849857403e+03
6.957401979499018125e+03
6.955302508656096506e+03
6.952707844903783553e+03
6.950713920852431329e+03
6.948712464885146801e+03
6.946369312860722857e+03
6.943909106871941731e+03
6.941550654225004109e+03
6.939186125075258133e+03
6.936197084416488906e+03
6.933782955934434540e+03
