1.446814136728409395e+01
1.450300649047465740e+01
1.452393277213114686e+01
1.455031512068336319e+01
1.458009516678333384e+01
1.460022556051303155e+01
1.462555400976375353e+01
1.467184501603574631e+01
1.470080120820845160e+01
1.472715266196502526e+01
1.475787415418480286e+01
1.478973596032513704e+01
1.481519776186517667e+01
1.484268659805432300e+01
1.488305954760291350e+01
1.491219808829150573e+01
1.494246957953129673e+01
1.497407050717691135e+01
1.500752151927547473e+01
1.504570743506736541e+01
1.508975101740490388e+01
1.512177129545790244e+01
1.516505754921662508e+01
1.520940892625164054e+01
1.526167763874430960e+01
1.533436112840660392e+01
1.538420595942730174e+01
1.546565322951918731e+01
