6.089638988858458113e+00
6.089638855427935482e+00
6.089637214382616293e+00
6.089635955240817466e+00
6.089634402072934272e+00
6.089632829307873862e+00
6.089631265329046528e+00
6.089629468683935620e+00
6.089627693029085798e+00
6.089625767122571531e+00
6.089623665490061732e+00
6.089621473922972150e+00
6.089619078925210260e+00
6.089616620980529582e+00
6.089613879002780727e+00
6.089610920243713643e+00
6.089607776335298261e+00
6.089604246732478465e+00
6.089600605558475266e+00
6.089596465010683524e+00
6.089596809057649551e+00
