4.051434884533915124e+02
4.067259149869664725e+02
4.087742073339249487e+02
4.103025192130491519e+02
4.116395928541489866e+02
4.130745041954750150e+02
4.143723973106729659e+02
4.154598819021257441e+02
4.166898107608169539e+02
4.179835495820449864e+02
4.191180463153887672e+02
4.210694363570947871e+02
4.220954946674316375e+02
4.231140344564443581e+02
4.242881663852763268e+02
4.251779268415571096e+02
4.266308881495105538e+02
4.274707256132751354e+02
4.284983904365922740e+02
4.292433259871682480e+02
