1.632603349860269759e+01
1.633598122887863369e+01
1.634478008073415367e+01
1.635183451008222733e+01
1.635815526890466742e+01
1.636634679846341101e+01
1.637456698130521460e+01
1.638428160780287612e+01
1.639383475091286257e+01
1.639970621440781784e+01
1.640945769034270185e+01
1.641543431164128819e+01
1.642244750391279595e+01
1.642902933561311940e+01
1.643852299353546442e+01
1.645201895711358020e+01
1.645945028791017251e+01
1.646543878587898391e+01
1.647179225804321590e+01
1.648006762161343275e+01
1.648699416911326665e+01
1.649320059176981701e+01
1.650508918420151616e+01
1.651159408238657633e+01
1.652370934411431236e+01
