4.267416799492360951e+03
4.273713929975584506e+03
4.279241783898121867e+03
4.283645543635150716e+03
4.287570217840024270e+03
4.292627107673034516e+03
4.297668666421113812e+03
4.303584614798670373e+03
4.309358180406491556e+03
4.312885231448183731e+03
4.318707349800665725e+03
4.322253860325003188e+03
4.326394508147013767e+03
4.330260052164576337e+03
4.335801214721316683e+03
4.343609067732068979e+03
4.347873999790760536e+03
4.351293318321888364e+03
4.354904034885948022e+03
4.359580946748147653e+03
4.363473111248409623e+03
4.366943389085412491e+03
4.373545761969608975e+03
4.377133459122568638e+03
4.383769223128143494e+03
