1.377565582195214589e+01
1.373270955324928799e+01
1.368552459234321184e+01
1.364783677059462619e+01
1.360204912055214166e+01
1.357666144555123999e+01
1.355403921922318666e+01
1.352256693253217001e+01
1.350467872109990530e+01
1.348070990056600316e+01
1.346681935445676714e+01
1.345405352085892403e+01
1.344450470353980265e+01
1.342967959479954132e+01
1.342532391666370017e+01
1.342407505867718953e+01
1.342540762150952816e+01
1.342887611427019401e+01
1.343412409633181070e+01
1.344335111216517653e+01
1.345255541798191778e+01
1.346369073228531832e+01
1.347920376745189941e+01
1.349844837621204263e+01
1.351982705823071207e+01
1.354422991166625678e+01
1.357947839787033040e+01
1.361166098138041392e+01
