1.751117661905206660e+03
1.750962637352081401e+03
1.750717498603366266e+03
1.750499230753135407e+03
1.750281468177637180e+03
1.750017848248989367e+03
1.749750725267110283e+03
1.749504397468336265e+03
1.749199270250648624e+03
1.748845587988180341e+03
1.748505572416878977e+03
1.747848538666899685e+03
1.747462581764064680e+03
1.747048855939292480e+03
1.746530553101803889e+03
1.746105457907599884e+03
1.745344292829192000e+03
1.744862096065828155e+03
1.744224543098286404e+03
1.743726144233866989e+03
