1.401576386150844122e+01
1.401365434895790330e+01
1.401106577904387507e+01
1.400874305193705815e+01
1.400552047374198494e+01
1.400348571177543811e+01
1.400147658924507610e+01
1.399827035017390209e+01
1.399615508849664813e+01
1.399281864136750464e+01
1.399048722258370958e+01
1.398792251665703468e+01
1.398556698726709691e+01
1.398008763390434517e+01
1.397680004330395320e+01
1.397352225054198449e+01
1.397058584882582188e+01
1.396767550053899143e+01
1.396487357726501344e+01
1.396130969283873746e+01
1.395849301011162069e+01
1.395559576261947221e+01
1.395211255798892402e+01
1.394834632056986656e+01
1.394462780721317507e+01
1.394079022629606612e+01
1.393577680788005146e+01
1.393159072229566675e+01
