0.000000 -115.015450 115.015450
0.250000 -115.036593 115.036593
0.500000 -115.057736 115.057736
0.750000 -115.078879 115.078879
1.000000 -115.100022 115.100022
1.250000 -115.121165 115.121165
1.500000 -115.142309 115.142309
1.750000 -115.163452 115.163452
2.000000 -115.184595 115.184595
2.250000 -115.205738 115.205738
2.500000 -115.226881 115.226881
2.750000 -115.248024 115.248024
3.000000 -115.269167 115.269167
3.250000 -115.290311 115.290311
3.500000 -115.311454 115.311454
3.750000 -115.332597 115.332597
4.000000 -115.353740 115.353740
4.250000 -115.374883 115.374883
4.500000 -115.396026 115.396026
4.750000 -115.417170 115.417170
5.000000 -115.438313 115.438313
5.250000 -115.459456 115.459456
5.500000 -115.480599 115.480599
5.750000 -115.501742 115.501742
6.000000 -115.522885 115.522885
6.250000 -115.544029 115.544029
6.500000 -115.565172 115.565172
6.750000 -115.586315 115.586315
7.000000 -115.607458 115.607458
7.250000 -115.628601 115.628601
7.500000 -115.649744 115.649744
7.750000 -115.670888 115.670888
8.000000 -115.692031 115.692031
8.250000 -115.713174 115.713174
8.500000 -115.734317 115.734317
8.750000 -115.755460 115.755460
9.000000 -115.776603 115.776603
9.250000 -115.797747 115.797747
9.500000 -115.818890 115.818890
9.750000 -115.840033 115.840033
10.000000 -115.861176 115.861176
10.250000 -115.882319 115.882319
10.500000 -115.903462 115.903462
10.750000 -115.924606 115.924606
11.000000 -115.945749 115.945749
11.250000 -115.966892 115.966892
11.500000 -115.988035 115.988035
11.750000 -116.009178 116.009178
12.000000 -116.030321 116.030321
12.250000 -116.051465 116.051465
12.500000 -116.072608 116.072608
12.750000 -116.093751 116.093751
13.000000 -116.114894 116.114894
13.250000 -116.136037 116.136037
13.500000 -116.157180 116.157180
13.750000 -116.178324 116.178324
14.000000 -116.199467 116.199467
14.250000 -116.220610 116.220610
14.500000 -116.241753 116.241753
14.750000 -116.262896 116.262896
15.000000 -116.284039 116.284039
15.250000 -116.305183 116.305183
15.500000 -116.326326 116.326326
15.750000 -116.347469 116.347469
16.000000 -116.368612 116.368612
16.250000 -116.389755 116.389755
16.500000 -116.410898 116.410898
16.750000 -116.432042 116.432042
17.000000 -116.453185 116.453185
17.250000 -116.474328 116.474328
17.500000 -116.495471 116.495471
17.750000 -116.516614 116.516614
18.000000 -116.537757 116.537757
18.250000 -116.558901 116.558901
18.500000 -116.580044 116.580044
18.750000 -116.601187 116.601187
19.000000 -116.622330 116.622330
19.250000 -116.643473 116.643473
19.500000 -116.664616 116.664616
19.750000 -116.685760 116.685760
20.000000 -116.706903 116.706903
20.250000 -116.728046 116.728046
20.500000 -116.749189 116.749189
20.750000 -116.770332 116.770332
21.000000 -116.791475 116.791475
21.250000 -116.812619 116.812619
21.500000 -116.833762 116.833762
21.750000 -116.854905 116.854905
22.000000 -116.876048 116.876048
22.250000 -116.897191 116.897191
22.500000 -116.918334 116.918334
22.750000 -116.939477 116.939477
23.000000 -116.960621 116.960621
23.250000 -116.981764 116.981764
23.500000 -117.002907 117.002907
23.750000 -117.024050 117.024050
24.000000 -117.045193 117.045193
24.250000 -117.066336 117.066336
24.500000 -117.087480 117.087480
24.750000 -117.108623 117.108623
25.000000 -117.129766 117.129766
25.250000 -117.150909 117.150909
25.500000 -117.172052 117.172052
25.750000 -117.193195 117.193195
26.000000 -117.214339 117.214339
26.250000 -117.235482 117.235482
26.500000 -117.256625 117.256625
26.750000 -117.277768 117.277768
27.000000 -117.298911 117.298911
27.250000 -117.320054 117.320054
27.500000 -117.341198 117.341198
27.750000 -117.362341 117.362341
28.000000 -117.383484 117.383484
28.250000 -117.404627 117.404627
28.500000 -117.425770 117.425770
28.750000 -117.446913 117.446913
29.000000 -117.468057 117.468057
29.250000 -117.489200 117.489200
29.500000 -117.510343 117.510343
29.750000 -117.531486 117.531486
30.000000 -117.552629 117.552629
30.250000 -117.573772 117.573772
30.500000 -117.594916 117.594916
30.750000 -117.616059 117.616059
31.000000 -117.637202 117.637202
31.250000 -117.658345 117.658345
31.500000 -117.679488 117.679488
31.750000 -117.700631 117.700631
32.000000 -117.721775 117.721775
32.250000 -117.742918 117.742918
32.500000 -117.764061 117.764061
32.750000 -117.785204 117.785204
33.000000 -117.806347 117.806347
33.250000 -117.827490 117.827490
33.500000 -117.848634 117.848634
33.750000 -117.869777 117.869777
34.000000 -117.890920 117.890920
34.250000 -117.912063 117.912063
34.500000 -117.933206 117.933206
34.750000 -117.954349 117.954349
35.000000 -117.975493 117.975493
35.250000 -117.996636 117.996636
35.500000 -118.017779 118.017779
35.750000 -118.038922 118.038922
36.000000 -118.060065 118.060065
36.250000 -118.081208 118.081208
36.500000 -118.102352 118.102352
36.750000 -118.123495 118.123495
37.000000 -118.144638 118.144638
37.250000 -118.165781 118.165781
37.500000 -118.186924 118.186924
37.750000 -118.208067 118.208067
38.000000 -118.229211 118.229211
38.250000 -118.250354 118.250354
38.500000 -118.271497 118.271497
38.750000 -118.292640 118.292640
39.000000 -118.313783 118.313783
39.250000 -118.334926 118.334926
39.500000 -118.356070 118.356070
39.750000 -118.377213 118.377213
40.000000 -118.398356 118.398356
40.250000 -118.419499 118.419499
40.500000 -118.440642 118.440642
40.750000 -118.461785 118.461785
41.000000 -118.482928 118.482928
41.250000 -118.504072 118.504072
41.500000 -118.525215 118.525215
41.750000 -118.546358 118.546358
42.000000 -118.567501 118.567501
42.250000 -118.588644 118.588644
42.500000 -118.609787 118.609787
42.750000 -118.630931 118.630931
43.000000 -118.652074 118.652074
43.250000 -118.673217 118.673217
43.500000 -118.694360 118.694360
43.750000 -118.715503 118.715503
44.000000 -118.736646 118.736646
44.250000 -118.757790 118.757790
44.500000 -118.778933 118.778933
44.750000 -118.800076 118.800076
45.000000 -118.821219 118.821219
45.250000 -118.842362 118.842362
45.500000 -118.863505 118.863505
45.750000 -118.884649 118.884649
46.000000 -118.905792 118.905792
46.250000 -118.926935 118.926935
46.500000 -118.948078 118.948078
46.750000 -118.969221 118.969221
47.000000 -118.990364 118.990364
47.250000 -119.011508 119.011508
47.500000 -119.032651 119.032651
47.750000 -119.053794 119.053794
48.000000 -119.074937 119.074937
48.250000 -119.096080 119.096080
48.500000 -119.117223 119.117223
48.750000 -119.138367 119.138367
49.000000 -119.159510 119.159510
49.250000 -119.180653 119.180653
49.500000 -119.201796 119.201796
49.750000 -119.222939 119.222939
50.000000 -119.244082 119.244082
50.250000 -119.265226 119.265226
50.500000 -119.286369 119.286369
50.750000 -119.307512 119.307512
51.000000 -119.328655 119.328655
51.250000 -119.349798 119.349798
51.500000 -119.370941 119.370941
51.750000 -119.392085 119.392085
52.000000 -119.413228 119.413228
52.250000 -119.434371 119.434371
52.500000 -119.455514 119.455514
52.750000 -119.476657 119.476657
53.000000 -119.497800 119.497800
53.250000 -119.518944 119.518944
53.500000 -119.540087 119.540087
53.750000 -119.561230 119.561230
54.000000 -119.582373 119.582373
54.250000 -119.603516 119.603516
54.500000 -119.624659 119.624659
54.750000 -119.645803 119.645803
55.000000 -119.666946 119.666946
55.250000 -119.688089 119.688089
55.500000 -119.709232 119.709232
55.750000 -119.730375 119.730375
56.000000 -119.751518 119.751518
56.250000 -119.772662 119.772662
56.500000 -119.793805 119.793805
56.750000 -119.814948 119.814948
57.000000 -119.836091 119.836091
57.250000 -119.857234 119.857234
57.500000 -119.878377 119.878377
57.750000 -119.899521 119.899521
58.000000 -119.920664 119.920664
58.250000 -119.941807 119.941807
58.500000 -119.962950 119.962950
58.750000 -119.984093 119.984093
59.000000 -120.005236 120.005236
59.250000 -120.026380 120.026380
59.500000 -120.047523 120.047523
59.750000 -120.068666 120.068666
60.000000 -120.089809 120.089809
