7.418760756243456854e+03
7.417581886457398468e+03
7.416319590094430168e+03
7.414071862781544041e+03
7.413379670373778936e+03
7.412124311204926926e+03
7.411381436854939238e+03
7.410804746781005633e+03
7.410001300746375819e+03
7.409346491814369983e+03
7.408313486841834674e+03
7.407498025266163495e+03
7.407160489852319188e+03
7.407593334449760732e+03
7.407746957738580932e+03
7.408146357657465160e+03
7.408387131726073676e+03
7.409018879249325437e+03
7.409478100673618428e+03
7.413681483022025532e+03
7.419028548813723319e+03
7.423104778702208932e+03
7.425980893366256169e+03
7.430434266709050462e+03
7.435367105839859505e+03
7.440399878391826860e+03
7.444353930554240833e+03
7.447110316080847952e+03
7.450878286641803243e+03
7.459465859254086354e+03
7.465172761377933057e+03
7.471078671197788026e+03
7.472474260680784027e+03
7.484304859716838109e+03
7.490911343311186101e+03
7.498494182487718717e+03
7.506112948719886845e+03
7.515434815923780661e+03
7.524807912157601095e+03
7.529898195787520308e+03
7.543092779612656159e+03
7.556330783369684468e+03
7.558292283203817533e+03
7.562913435196880528e+03
7.568377126908008904e+03
7.575437298120720698e+03
7.583651758748508655e+03
7.591824357089726618e+03
7.600072828247549296e+03
7.608262478921558795e+03
7.611591550444215500e+03
7.616072967560026882e+03
7.619880405930219240e+03
7.628025020276004398e+03
7.636202802077395972e+03
7.644293627040662614e+03
7.652337240512603785e+03
7.660367201453964299e+03
7.666738785850727254e+03
7.668335098922614634e+03
7.670421629160256998e+03
7.682133370715979254e+03
7.691051859143126421e+03
7.699900705184411891e+03
7.708686639008891689e+03
7.717395101556231566e+03
7.725102640046206943e+03
7.732754699523593445e+03
7.744082868120225612e+03
7.748291707786610459e+03
7.753630445024944493e+03
7.761406613169058801e+03
7.769695570342524661e+03
7.778516858241062437e+03
7.787690786913427473e+03
7.796472758306782453e+03
7.805195508831448024e+03
7.813153407278695340e+03
7.821060048596727938e+03
7.828942834732034498e+03
7.836793998633156662e+03
7.844598613993191975e+03
7.852387431168753210e+03
7.860123626045224228e+03
7.867855860405936255e+03
7.873347578006770163e+03
7.885190353662518646e+03
7.896946790101269471e+03
7.906389119057595963e+03
7.916837001306383172e+03
7.927205022031539556e+03
7.938344740962951619e+03
7.940263902184112339e+03
7.952855605803062645e+03
7.957921130430794619e+03
7.963586465439805579e+03
