8.233102365406897661e+03
8.264158866815147121e+03
8.282099080773958121e+03
8.304083890828456788e+03
8.328162639437821781e+03
8.344049371741017239e+03
8.363640689877660407e+03
8.398439119220121938e+03
8.419625546266273886e+03
8.438562512221613360e+03
8.460264184482199198e+03
8.482381878250977024e+03
8.499795442888620528e+03
8.518354448866361054e+03
8.545194380722174174e+03
8.564280873453004460e+03
8.583875871891941642e+03
8.604094279102477230e+03
8.625249939931230983e+03
8.649111516090844816e+03
8.676279110254728948e+03
8.695808446065246244e+03
8.721932355693741556e+03
8.748390863185635681e+03
8.779201255572244918e+03
8.821432820384694423e+03
8.850015884128237303e+03
8.896117262021509305e+03
