6.086654518252562873e+00
6.087103299194885686e+00
6.087565400202039179e+00
6.088038669243511336e+00
6.088523177401228281e+00
6.089021184733284464e+00
6.089528594250405824e+00
6.090048527854597715e+00
6.090580352269253872e+00
6.091121226644200526e+00
6.091675360197936762e+00
6.092238984745708130e+00
6.092812407767865146e+00
6.093398357645411600e+00
6.093991684430802636e+00
6.094596470036656832e+00
6.095210889751107253e+00
6.095832551848816117e+00
6.096466570740614266e+00
6.097102516362844504e+00
6.097808589943889856e+00
