1.491864170881769880e+01
1.493639004006466742e+01
1.495185073169191625e+01
1.496408678640079337e+01
1.497493087741681705e+01
1.498881817916827330e+01
1.500256710865896181e+01
1.501857683588732684e+01
1.503407107397809916e+01
1.504347258801933407e+01
1.505888475021672335e+01
1.506820717071303406e+01
1.507902777354339463e+01
1.508906719282209963e+01
1.510335268859173574e+01
1.512326806067660101e+01
1.513403974288245735e+01
1.514262065859121797e+01
1.515162832260963910e+01
1.516321339762778386e+01
1.517278309885736043e+01
1.518126030157730710e+01
1.519724357847995577e+01
1.520584836845270260e+01
1.522161272678558497e+01
