6.395350784373011521e+00
6.414733066940615736e+00
6.430751457257788850e+00
6.443427891385120176e+00
6.452800694628457734e+00
6.458927644020982406e+00
6.461877610326997257e+00
6.461738082842274800e+00
6.458611355402074317e+00
6.452612634284518478e+00
6.443878792515048026e+00
6.432559086453276009e+00
6.418823405198113896e+00
6.402863838906306171e+00
6.384888674327757307e+00
6.365135859209949842e+00
6.343864534457311244e+00
6.321361259472781491e+00
6.297946625805905363e+00
6.273966006614679181e+00
6.249805846292423084e+00
