6.261512635067859264e+03
6.271632353856252848e+03
6.283023024650048683e+03
6.292377443481563205e+03
6.304144890449533705e+03
6.310918684154613402e+03
6.317151567096816507e+03
6.326235931021383294e+03
6.331693613163524788e+03
6.339511068093578615e+03
6.344441265349500100e+03
6.349396363893204580e+03
6.353542011076506242e+03
6.361809420884839710e+03
6.365924248458159127e+03
6.369450492625987863e+03
6.372152831717945446e+03
6.374431110763093784e+03
6.376268958504505463e+03
6.378131229381394405e+03
6.379246923989573588e+03
6.380083863891384681e+03
6.380694106338747588e+03
6.380893629755226357e+03
6.380647663785440272e+03
6.379957997318964772e+03
6.378429517384342944e+03
6.376640829217050850e+03
