2.224656469123887348e+01
2.211512738120766741e+01
2.203776418725585984e+01
2.194161012733415816e+01
2.183468039673246253e+01
2.176324894242594965e+01
2.167423951497583801e+01
2.151375926114169701e+01
2.141464121534058762e+01
2.132518849502619673e+01
2.122172040826264094e+01
2.111526098995373246e+01
2.103075572268035742e+01
2.094004805681087689e+01
2.080773615351694161e+01
2.071286304957909863e+01
2.061481044044806410e+01
2.051296866861028789e+01
2.040570182528880849e+01
2.028388087047823518e+01
2.014414522214246617e+01
2.004303924310528018e+01
1.990696330745679177e+01
1.976821099643508717e+01
1.960549903343182621e+01
1.938057155757435979e+01
1.922714608697407712e+01
1.897776278763074487e+01
