1.467148264304335470e+01
1.459477854945318320e+01
1.453049358349687381e+01
1.448134050853904320e+01
1.443908665372538280e+01
1.438681676383959207e+01
1.433716244421525410e+01
1.428205516568782940e+01
1.423159660865391984e+01
1.420240160329504597e+01
1.415693916817192743e+01
1.413092568436799645e+01
1.410217692604723716e+01
1.407692742116538298e+01
1.404343233844769934e+01
1.400169262400167192e+01
1.398161913389450639e+01
1.396693071922431884e+01
1.395278745260743669e+01
1.393657171926686900e+01
1.392490158548917201e+01
1.391590534302429383e+01
1.390249077811312084e+01
1.389725456228746836e+01
1.389142277556078753e+01
