2.000000004978809898e+01
2.000103860518509435e+01
2.000209053277545124e+01
2.000315646511874235e+01
2.000423631539639402e+01
2.000533003985097480e+01
2.000643757906168929e+01
2.000755887246897302e+01
2.000869384915382199e+01
2.000984244506448562e+01
2.001100459111622598e+01
2.001218020899301209e+01
2.001336922497795001e+01
2.001457155291025103e+01
2.001578710766167291e+01
2.001701580126346514e+01
2.001825754458461759e+01
2.001951224090662862e+01
2.002077978800330982e+01
2.002206008097944689e+01
2.002335301007773438e+01
2.002465845957938839e+01
2.002597631341615525e+01
2.002730645530698084e+01
2.002864875889505214e+01
2.003000309158468539e+01
2.003136931937293141e+01
2.003274730480881516e+01
2.003413690720160645e+01
2.003553797745183118e+01
2.003695036686161401e+01
2.003837392100207637e+01
2.003980848917893098e+01
2.004125390928611239e+01
2.004271001895444471e+01
2.004417665291046546e+01
2.004565364290568752e+01
2.004714081929899194e+01
2.004863799743411690e+01
2.005014503202694698e+01
2.005166110418041825e+01
