6.082764064405531634e+00
6.083911261256528924e+00
6.085089877093303734e+00
6.086297619137697623e+00
6.087534403126798388e+00
6.088802312208245304e+00
6.090097054139618216e+00
6.091421540933372292e+00
6.092774906794928391e+00
6.094154062753027290e+00
6.095562950513146561e+00
6.096997514345845914e+00
6.098457757410154834e+00
6.099946083544364406e+00
6.101456999382219415e+00
6.102994224778340637e+00
6.104555553093507392e+00
6.106138190417871314e+00
6.107746830613308475e+00
6.109370595372927149e+00
6.111077271048731774e+00
