4.975194329591200585e+03
4.986654043841267594e+03
4.992124139754271710e+03
4.997747473503408401e+03
5.002611882375413188e+03
5.005116162068936319e+03
5.007467265860091175e+03
5.009738403566063425e+03
5.009990776916659343e+03
5.009529281439866281e+03
5.008235544366136310e+03
5.006110405429927596e+03
5.003886391151414500e+03
5.001000874462557476e+03
4.995922709990536532e+03
4.991684805183189383e+03
4.986812280467778692e+03
4.981248803064393542e+03
4.974863957653436955e+03
4.966994875767942176e+03
4.957206066619159174e+03
4.949643228161231491e+03
4.938863165761555138e+03
4.927197931086036078e+03
4.912703456349318913e+03
4.891315817652319311e+03
4.875887417998332239e+03
4.849462725263325410e+03
