1.148336902549404385e+03
1.151058575696253229e+03
1.154626091895561785e+03
1.157323403076005434e+03
1.159710070707172008e+03
1.162301373941233805e+03
1.164673982017141952e+03
1.166684518121902556e+03
1.168985003311214314e+03
1.171437644522429537e+03
1.173618337843531663e+03
1.177441603605805312e+03
1.179492492259086248e+03
1.181559024503770161e+03
1.183982717333557275e+03
1.185851801181982410e+03
1.188971134609387946e+03
1.190816497538280828e+03
1.193122200890910108e+03
1.194829900007546485e+03
