1.911563294175628471e+03
1.919392623684645514e+03
1.928513171190812955e+03
1.936286444626854518e+03
1.946497293020173402e+03
1.952633502124671168e+03
1.958476503951869063e+03
1.967392350519462525e+03
1.973020622441103569e+03
1.981523332816494076e+03
1.987212480100124139e+03
1.993248911081080905e+03
1.998600935144487039e+03
2.010398525209069248e+03
2.017076312446925158e+03
2.023461081789130958e+03
2.028964461026134359e+03
2.034229412831714626e+03
2.039129722880526288e+03
2.045137359814091951e+03
2.049716668744066737e+03
2.054279734345539964e+03
2.059578015578445047e+03
2.065088678994824932e+03
2.070319595798981936e+03
2.075511471625835384e+03
2.081996771845020248e+03
2.087168998315663430e+03
