2.115990989568828695e+01
2.102574970295636092e+01
2.090517417479012252e+01
2.080722311573198979e+01
2.071850049786363712e+01
2.060218291048439099e+01
2.048395749069131355e+01
2.034232136647730727e+01
2.020103753906930422e+01
2.011322822758020834e+01
1.996576958940039859e+01
1.987440070721525132e+01
1.976623220447769924e+01
1.966378837708378313e+01
1.951445422142782249e+01
1.929901251856106370e+01
1.917882237118358546e+01
1.908116983908583109e+01
1.897679323934898221e+01
1.883966016651062603e+01
1.872385818563000726e+01
1.861931225320371297e+01
1.841700347815884342e+01
1.830518099029575652e+01
1.809481066219700196e+01
