5.107408661745852442e+03
5.123105220772697976e+03
5.131918158133123143e+03
5.142479003514980832e+03
5.153759291335952184e+03
5.161045800586873156e+03
5.169868333041502410e+03
5.185117581478246393e+03
5.194151721063491095e+03
5.202074643477562859e+03
5.210985041680497488e+03
5.219887785161266038e+03
5.226775154491464491e+03
5.234001571421592416e+03
5.244252104423763740e+03
5.251402830333539896e+03
5.258628633772331341e+03
5.265965743801764802e+03
5.273518304855912902e+03
5.281889168135807267e+03
5.291236286762939926e+03
5.297839009381594224e+03
5.306524516394045349e+03
5.315155966138516305e+03
5.325005647178277286e+03
5.338170176701357377e+03
5.346869330506283404e+03
5.360559303409737367e+03
