1.935888451491399209e+01
1.935385809387308598e+01
1.934802326711779941e+01
1.934306861636936503e+01
1.933658714064452511e+01
1.933270748074527745e+01
1.932902442249247343e+01
1.932342645934884473e+01
1.931990695905246014e+01
1.931461208061752899e+01
1.931108480429621821e+01
1.930735646870850175e+01
1.930406363933349212e+01
1.929685015952394878e+01
1.929279628313353712e+01
1.928894136151683725e+01
1.928563600618123886e+01
1.928248970583292987e+01
1.927957591013973371e+01
1.927602386877446961e+01
1.927333202332858519e+01
1.927066391819292335e+01
1.926758459178361704e+01
1.926440430534037418e+01
1.926140794925541400e+01
1.925845696640820748e+01
1.925480526844289031e+01
1.925192234824130466e+01
