8.063995129132447801e+03
8.060066027375815793e+03
8.055504490516169426e+03
8.051630598426896540e+03
8.046562252793851258e+03
8.043528071514311705e+03
8.040647363149259036e+03
8.036268350262709646e+03
8.033514852461856208e+03
8.029371813739748177e+03
8.026611456714124870e+03
8.023693387612626793e+03
8.021115846076702837e+03
8.015468150348288873e+03
8.012293459241667733e+03
8.009274018747455557e+03
8.006684574740911557e+03
8.004219313123648135e+03
8.001935837791364065e+03
7.999151640268102710e+03
7.997041265420485615e+03
7.994949116122563282e+03
7.992534003338672846e+03
7.990039088517867640e+03
7.987687842101742717e+03
7.985371556972443614e+03
7.982504296215071008e+03
7.980239832086518618e+03
