1.609905930613691680e+03
1.611929675711760183e+03
1.614541542787093249e+03
1.616484263662332296e+03
1.618179269453582720e+03
1.619993144939751573e+03
1.621628871341706599e+03
1.622995540385545610e+03
1.624536647987742299e+03
1.626152067804761145e+03
1.627563501566041850e+03
1.629978790673120329e+03
1.631241791700057775e+03
1.632490262801810559e+03
1.633922316738099425e+03
1.635001958308720532e+03
1.636753441584292659e+03
1.637758549277330758e+03
1.638980254717641401e+03
1.639859597272321253e+03
