1.274386286426475408e+03
1.275234338729591627e+03
1.276371408646497002e+03
1.277251107960133595e+03
1.278044448593373772e+03
1.278922316102546120e+03
1.279741729210246604e+03
1.280448219176678322e+03
1.281270726100605771e+03
1.282164860230181375e+03
1.282975364420936558e+03
1.284433345057449515e+03
1.285235783211047419e+03
1.286059413579989268e+03
1.287045471262782712e+03
1.287821308542125507e+03
1.289147510666288099e+03
1.289951443833826943e+03
1.290977214838250575e+03
1.291752849943367664e+03
