1.248221537711056271e+03
1.248204819600753581e+03
1.248186351241807415e+03
1.248175092835296255e+03
1.248167154806639473e+03
1.248160769767511283e+03
1.248157039332157410e+03
1.248155518837890668e+03
1.248155691357474552e+03
1.248158206459954499e+03
1.248162541824417758e+03
1.248175146822755096e+03
1.248184661502912377e+03
1.248196288368514161e+03
1.248212641934392650e+03
1.248227339757261689e+03
1.248256118346770563e+03
1.248275764331356640e+03
1.248303192370175111e+03
1.248325659357844643e+03
