1.759042241851568278e+01
1.772562858241331796e+01
1.774624259809554161e+01
1.756677695968588893e+01
1.749577515480395817e+01
1.740302597297121423e+01
1.738607760646341305e+01
1.739695475113761347e+01
1.744593444461628096e+01
1.750554446409957166e+01
1.759026057514947894e+01
1.760342127227638898e+01
1.754736557705853173e+01
1.750275920540284602e+01
1.750102833878629838e+01
1.751152026509090831e+01
1.752174468774025229e+01
1.754815683749773214e+01
1.756489425357491641e+01
1.764308033399067810e+01
1.766728103410461514e+01
1.768159037511227183e+01
1.770133166783612921e+01
1.775145882759877480e+01
1.782182049481782471e+01
1.788060058297061872e+01
1.790640533250928712e+01
1.791662084520578802e+01
1.792963486681346907e+01
1.799799036198220037e+01
1.806875076967809690e+01
1.813242040158042911e+01
1.814340594111974170e+01
1.818485337622687226e+01
1.821033901983906844e+01
1.827832491107039559e+01
1.837432143328000578e+01
1.847085371654025820e+01
1.852504962310214154e+01
1.855587224088001719e+01
1.870824560848324580e+01
1.887994785692303523e+01
1.889592419824531788e+01
1.892284105167624020e+01
1.894292181330595071e+01
1.897326238441280921e+01
1.904092603248582449e+01
1.913315798094253140e+01
1.921397879629968131e+01
1.926452861188817778e+01
1.928032794540425243e+01
1.930266052645392705e+01
1.932552046584355310e+01
1.939070039746419738e+01
1.946969908737881738e+01
1.954509024277149365e+01
1.961121276899149635e+01
1.967027482070681899e+01
1.971298777040045636e+01
1.972324305435308389e+01
1.973654649144618745e+01
1.982052466079414543e+01
1.991314018678274778e+01
2.002259352732923858e+01
2.011451432582829213e+01
2.018043997889671104e+01
2.024675402691848092e+01
2.034152632658349447e+01
2.048453434844943644e+01
2.051979689943221530e+01
2.055043771504447747e+01
2.058859749285570828e+01
2.065336711719816520e+01
2.074903304627389033e+01
2.084103072911765864e+01
2.089699209434722249e+01
2.093185754415323885e+01
2.097545168206827881e+01
2.104653483211696496e+01
2.113150845425538549e+01
2.120089682205374260e+01
2.123954477572735300e+01
2.126326501374632727e+01
2.130413430486888871e+01
2.137846188833380268e+01
2.144313495481938503e+01
2.155816951578308149e+01
2.161201107817605305e+01
2.167758274461717960e+01
2.182553311486940828e+01
2.198323781590219639e+01
2.205320015745019546e+01
2.205507388300770799e+01
2.209236272643583021e+01
2.216495993730501723e+01
2.230923924699067129e+01
