1.424508657009335089e+01
1.425184147356295838e+01
1.425767324597268093e+01
1.426225296702020451e+01
1.426628461086535715e+01
1.427140950786141893e+01
1.427643994015560125e+01
1.428224136146854484e+01
1.428779643307519898e+01
1.429113764935803133e+01
1.429656531963624921e+01
1.429981759868917379e+01
1.430356259880286096e+01
1.430700773359228783e+01
1.431185953723186799e+01
1.431852074863934909e+01
1.432207177037525270e+01
1.432487359232148094e+01
1.432778832573074368e+01
1.433149616000495818e+01
1.433452323580266707e+01
1.433717693764316969e+01
1.434210684348769682e+01
1.434471977721485025e+01
1.434942886123809558e+01
