9.706574691053457400e+02
9.723402273538988538e+02
9.745288914534288551e+02
9.761702902560991788e+02
9.776126303879367470e+02
9.791675769622256666e+02
9.805808148381025831e+02
9.817702604772813402e+02
9.831217715851704497e+02
9.845511281471781331e+02
9.858116027035262050e+02
9.879967279319996578e+02
9.891552459496400616e+02
9.903125000825727966e+02
9.916563070256001993e+02
9.926822806979103007e+02
9.943734953579078137e+02
9.953610197228351808e+02
9.965806213155152591e+02
9.974732480845771079e+02
