4.573530914690447389e+03
4.606198768796377408e+03
4.634814345914150181e+03
4.657569392725819853e+03
4.677817624644432726e+03
4.703863370669444521e+03
4.729780609512094998e+03
4.760129145573419919e+03
4.789680273208187828e+03
4.807700088286409482e+03
4.837390430705571816e+03
4.855442266547279360e+03
4.876485558389284961e+03
4.896098694554460053e+03
4.924159213739327242e+03
4.963588250729234460e+03
4.985070847844776836e+03
5.002265731724138277e+03
5.020395537367367069e+03
5.043836406216040814e+03
5.063307297039701552e+03
5.080639254479799092e+03
5.113539519533814200e+03
5.131375963261896686e+03
5.164288356488325917e+03
