4.008396856424297994e+01
4.008829430638001412e+01
4.009265760881339702e+01
4.009705947794147818e+01
4.010149919790388395e+01
4.010597610022868054e+01
4.011048946595176545e+01
4.011503851683382038e+01
4.011962247687858962e+01
4.012424050733152825e+01
4.012889177944726526e+01
4.013357541356122482e+01
4.013829053229501653e+01
4.014303624112108082e+01
4.014781162394407943e+01
4.015261576838748425e+01
4.015744772521982497e+01
4.016230655119029080e+01
4.016719127910646137e+01
4.017210093559231154e+01
4.017703454545208785e+01
4.018199110936659935e+01
4.018696963529918520e+01
4.019196910393161204e+01
4.019698849191774315e+01
4.020202676567114253e+01
4.020708285802964355e+01
4.021215571264948352e+01
4.021724423323761499e+01
4.022234732162162629e+01
4.022746385696990501e+01
4.023259268885686879e+01
4.023773266296264950e+01
4.024288257475382125e+01
4.024804123621431273e+01
4.025320739765952283e+01
4.025837980802698013e+01
4.026355716992677003e+01
4.026873815687289948e+01
4.027392148631318491e+01
4.027910437701200408e+01
