2.076163304181193681e+01
2.075334168196015838e+01
2.074555476241198093e+01
2.073900784522286855e+01
2.073291435452996012e+01
2.072470046156611545e+01
2.071610168225208781e+01
2.070548472852628663e+01
2.069456919563891972e+01
2.068762909620228641e+01
2.067571776149172891e+01
2.066818190327287397e+01
2.065911295484281496e+01
2.065038150460740241e+01
2.063741497594297769e+01
2.061823420290344799e+01
2.060730229322922824e+01
2.059830353215560095e+01
2.058857302002745016e+01
2.057561834689992608e+01
2.056453303762715379e+01
2.055441433179250055e+01
2.053454572036555703e+01
2.052340678825207121e+01
2.050216174331393404e+01
