5.458802254162672398e+03
5.448824127536206106e+03
5.437343915971624483e+03
5.427687062974703622e+03
5.415189613950303283e+03
5.407786675001407275e+03
5.400815805270212877e+03
5.390332699515576678e+03
5.383814942088005409e+03
5.374122640830368255e+03
5.367745878547548273e+03
5.361079400399361475e+03
5.355258061808039201e+03
5.342740001195765217e+03
5.335858057191595435e+03
5.329425219560873302e+03
5.324001970344296751e+03
5.318924372347873032e+03
5.314300357839325443e+03
5.308772397192965400e+03
5.304668273927010887e+03
5.300677797422612457e+03
5.296174733003063920e+03
5.291648084301005838e+03
5.287508215550726163e+03
5.283559900399603976e+03
5.278868475844515160e+03
5.275332340410828692e+03
