2.039882541326290166e+01
2.041784563496231542e+01
2.042985020721901890e+01
2.044551673655579549e+01
2.046382077485163009e+01
2.047652137139005291e+01
2.049283579016676526e+01
2.052349916704971733e+01
2.054316815823388964e+01
2.056135670480838584e+01
2.058287742378927732e+01
2.060552435349302058e+01
2.062384198129718627e+01
2.064382036175537039e+01
2.067351383336815829e+01
2.069518403527657213e+01
2.071789317562468824e+01
2.074179898046470072e+01
2.076731151172971579e+01
2.079667788255787286e+01
2.083084684936194009e+01
2.085587465291645515e+01
2.088994072053274209e+01
2.092510412343072090e+01
2.096685681556663639e+01
2.102543191410817869e+01
2.106591964163091291e+01
2.113258481674327172e+01
