2.117135154861579451e+02
2.114939924598576511e+02
2.112989462190236338e+02
2.112242574229154286e+02
2.112126207579330810e+02
2.112600823995991277e+02
2.113604631322353953e+02
2.114896678198909967e+02
2.116889567175393552e+02
2.119641478854746595e+02
2.122653040590063824e+02
2.129279383839169952e+02
2.133574632046686759e+02
2.138451408628335457e+02
2.144902121652983169e+02
2.150438088123162856e+02
2.160820395617392649e+02
2.167667614792188431e+02
2.176998127914558268e+02
2.184487870507228422e+02
