1.185450744175740923e+01
1.196685319051389840e+01
1.202984808103141923e+01
1.210525741005333344e+01
1.218570630738344640e+01
1.223761781758037337e+01
1.230041426819816230e+01
1.240880120391052621e+01
1.247291966373950878e+01
1.252909307797586891e+01
1.259220148259097805e+01
1.265518453424601297e+01
1.270386013010971205e+01
1.275488473133468581e+01
1.282717796611262706e+01
1.287754998121883077e+01
1.292840044065407490e+01
1.297998157469040059e+01
1.303302114039343351e+01
1.309173970343734794e+01
1.315722072300350654e+01
1.320342056021058852e+01
1.326412276702896520e+01
1.332436580185673058e+01
1.339301038632574681e+01
1.348458468305588376e+01
1.354498651480131599e+01
1.363985839911815034e+01
