6.284735164672709288e+03
6.284156273292879632e+03
6.282543576433835369e+03
6.279366584701248939e+03
6.274447774551962539e+03
6.270418431482731648e+03
6.264629952130092533e+03
6.252230481208911442e+03
6.243424547025087122e+03
6.234789701630558739e+03
6.224043843804313838e+03
6.212195220442473328e+03
6.202254194544490929e+03
6.191086458382756064e+03
6.173929411629143033e+03
6.161031879283042144e+03
6.147210695741192467e+03
6.132353950949286627e+03
6.116182048011624829e+03
6.097199468665813583e+03
6.074664666121100709e+03
6.057880592287615400e+03
6.034691348282027320e+03
6.010374478865964193e+03
5.981045647505501620e+03
5.939154738140149675e+03
5.909742848125289129e+03
5.860592114007546115e+03
