2.892927860818794670e+03
2.896244653034640123e+03
2.898616463474545526e+03
2.901951152139315582e+03
2.906116659174888355e+03
2.909144549396132788e+03
2.913170742695708668e+03
2.921077338117523595e+03
2.926339263915133870e+03
2.931314894163570443e+03
2.937320170525252706e+03
2.943760341941596380e+03
2.949049165062901011e+03
2.954890132871546939e+03
2.963696149907301333e+03
2.970206765982008619e+03
2.977097670085086065e+03
2.984420275430788934e+03
2.992305714255150178e+03
3.001464400874470357e+03
3.012220861220481765e+03
3.020161711457139518e+03
3.031047008829405513e+03
3.042367911178116174e+03
3.055911853837009403e+03
3.075079098011064616e+03
3.088429586895203556e+03
3.110573145211582414e+03
