1.305665958944584418e+03
1.305189672153354422e+03
1.304574698931434114e+03
1.304117061314675766e+03
1.303717611594954860e+03
1.303289963831202385e+03
1.302904139644889938e+03
1.302581639008745469e+03
1.302217809739672248e+03
1.301836232054337188e+03
1.301502650480886359e+03
1.300931360873551057e+03
1.300632366386344529e+03
1.300336616919027847e+03
1.299997114237158485e+03
1.299740951761869610e+03
1.299324951492524406e+03
1.299085950822742234e+03
1.298795135240511854e+03
1.298585577119544041e+03
