4.275857235699345438e+03
4.291095114983289932e+03
4.304342639232673719e+03
4.314809226374207356e+03
4.324071565726739209e+03
4.335914100014198084e+03
4.347616885454603107e+03
4.361215853286692436e+03
4.374347109504384207e+03
4.382300060708839737e+03
4.395312657190506798e+03
4.403168216912814387e+03
4.412271216660637947e+03
4.420702250254851606e+03
4.432673841589550648e+03
4.449311949042102242e+03
4.458285065031709564e+03
4.465419686401271974e+03
4.472895883260111987e+03
4.482490783191515220e+03
4.490398618331751095e+03
4.497389747024876669e+03
4.510534283967708689e+03
4.517590186113658092e+03
4.530477859316398280e+03
