1.299608452158061311e+01
1.299995744106988482e+01
1.300269600450324070e+01
1.300652286732266205e+01
1.301127865213691770e+01
1.301472390219019104e+01
1.301929394853533317e+01
1.302824192678351167e+01
1.303418261159528235e+01
1.303979212269146792e+01
1.304655409068165817e+01
1.305379737828612363e+01
1.305974030455844570e+01
1.306629878940960765e+01
1.307617829401844389e+01
1.308347709173583873e+01
1.309119782154786726e+01
1.309939786122982674e+01
1.310822370653289148e+01
1.311846949988487765e+01
1.313049650906661725e+01
1.313937151132500958e+01
1.315153265437858643e+01
1.316417530777227718e+01
1.317929443466553963e+01
1.320068092786009473e+01
1.321557115033312790e+01
1.324025908671518259e+01
