6.094592605570965382e+00
6.095061170888708801e+00
6.095534453239928041e+00
6.096014328977487295e+00
6.096500107184188444e+00
6.096992046127184928e+00
6.097490156661742766e+00
6.097994178262132081e+00
6.098504344333505856e+00
6.099020462030660283e+00
6.099542482669941812e+00
6.100070467877291236e+00
6.100604278447430140e+00
6.101144027733189645e+00
6.101689466170604703e+00
6.102240631164780993e+00
6.102797523223628673e+00
6.103359908970550585e+00
6.103928028678678785e+00
6.104501458432888050e+00
6.105085150927108018e+00
