1.227652824726817471e+01
1.234741991703573838e+01
1.238776524847729732e+01
1.243663695474788256e+01
1.248948090145434797e+01
1.252397460090687886e+01
1.256612313811505821e+01
1.263998370414034333e+01
1.268435645567461734e+01
1.272365568723621720e+01
1.276828914291931483e+01
1.281335294245680778e+01
1.284854184923569242e+01
1.288577379157696079e+01
1.293914118234903121e+01
1.297676153068660909e+01
1.301510909379711656e+01
1.305439410098060371e+01
1.309520313475145592e+01
1.314087986597918167e+01
1.319244776524991991e+01
1.322923974903826760e+01
1.327810567700561961e+01
1.332720357647531273e+01
1.338389699318904036e+01
1.346080470531743423e+01
1.351235479256590999e+01
1.359468733059657453e+01
