5.245432231987377918e+02
5.265924795678038208e+02
5.292457885089975207e+02
5.312261252394627036e+02
5.329591150822985810e+02
5.348194191018976653e+02
5.365025695842866753e+02
5.379132360837529632e+02
5.395091276421047723e+02
5.411883691643369048e+02
5.426614234779447088e+02
5.451963701445636161e+02
5.465299524358447343e+02
5.478542802975255199e+02
5.493816122949025385e+02
5.505395754533641366e+02
5.524316395669853819e+02
5.535260005038561530e+02
5.548659159038237476e+02
5.558378093004587299e+02
