3.195071922474916803e+01
3.221496996640127719e+01
3.227470540160904022e+01
3.199165114139018229e+01
3.187631917315443530e+01
3.173237626601430961e+01
3.171601654960013406e+01
3.174705980886642465e+01
3.185208245034827002e+01
3.197385983750657701e+01
3.214998375859127577e+01
3.219399656082763528e+01
3.211464701807479827e+01
3.205206001292027906e+01
3.205286519415982127e+01
3.207920587821523384e+01
3.210047030824208036e+01
3.215243174365621570e+01
3.218427903957319813e+01
3.232383991463866835e+01
3.235458226852745867e+01
3.236717479700281075e+01
3.239255424492488800e+01
3.246673374629160946e+01
3.257507427636465991e+01
3.266148261863531843e+01
3.269202730554224701e+01
3.269881902403488283e+01
3.270592284131352301e+01
3.279174863405118856e+01
3.289381360265900867e+01
3.298121549717495782e+01
3.299445693774625710e+01
3.301303748440350461e+01
3.302745121105689918e+01
3.311357849877812498e+01
3.324977789559215324e+01
3.337848081545180179e+01
3.343027615371124739e+01
3.346082946927720769e+01
3.367068839427533078e+01
3.391496418651246358e+01
3.393404739039231544e+01
3.395962942926393424e+01
3.396864660151252480e+01
3.398821676805534509e+01
3.406946732035454062e+01
3.419530847785296857e+01
3.430010258968874126e+01
3.435045198472817418e+01
3.436233221396237525e+01
3.438025975046740967e+01
3.440253803437522606e+01
3.447970260665204734e+01
3.458168791077871873e+01
3.467743705259039189e+01
3.475648841317084958e+01
3.482282981536874900e+01
3.486814679025457053e+01
3.487872665646858650e+01
3.489238704666599489e+01
3.498587531377111048e+01
3.510848496499042426e+01
3.526153193918548112e+01
3.538342897478034388e+01
3.545903015146894433e+01
3.554019824858860233e+01
3.567250123334476086e+01
3.587393430412306827e+01
3.591688189646252738e+01
3.594574105378534057e+01
3.597605885356913547e+01
3.605273848839094342e+01
3.618332304018882439e+01
3.630598182567401011e+01
3.636521058760170177e+01
3.638664578784110404e+01
3.642777132837769472e+01
3.651867100449759818e+01
3.663464360434597467e+01
3.672250334604673583e+01
3.675503638267926476e+01
3.676087687259284564e+01
3.679785452140130531e+01
3.689523068328245614e+01
3.698594177042655673e+01
3.713697518269881925e+01
3.717778447034856981e+01
3.725098999360830021e+01
3.746786730740871718e+01
3.770230176870236960e+01
3.777441640434602022e+01
3.776852593154788451e+01
3.777465080050524193e+01
3.788078388768831672e+01
3.811285480748399834e+01
