1.962446527716046418e+01
1.962124256490779572e+01
1.962067534478828179e+01
1.962119611281353571e+01
1.962322387020918413e+01
1.962535564155296441e+01
1.962881440165173430e+01
1.963710251266231310e+01
1.964342117522939191e+01
1.964984247396185424e+01
1.965806234916883710e+01
1.966734788357988251e+01
1.967527868302337168e+01
1.968431119119902206e+01
1.969839298245995707e+01
1.970911242273317754e+01
1.972070480484348209e+01
1.973326935887129352e+01
1.974705071875753148e+01
1.976334635892002822e+01
1.978283358484759802e+01
1.979743430073698818e+01
1.981771222902098017e+01
1.983909097624364648e+01
1.986501119939433480e+01
1.990225128441230851e+01
1.992852878390749893e+01
1.997264569803354917e+01
