1.613065596564703341e+01
1.614841787133004303e+01
1.616894374737182360e+01
1.618629066406304062e+01
1.620886112912903698e+01
1.622230111695071031e+01
1.623500865635017831e+01
1.625422197859620255e+01
1.626623564106336062e+01
1.628420724400514530e+01
1.629610719915948636e+01
1.630861888877169008e+01
1.631960913504370225e+01
1.634347338875290845e+01
1.635674665205738521e+01
1.636926799096886498e+01
1.637992076707978839e+01
1.638998449836000404e+01
1.639923381899471622e+01
1.641041083986432625e+01
1.641880429080767101e+01
1.642705381441448864e+01
1.643648233516469404e+01
1.644610801873407624e+01
1.645506420310701401e+01
1.646376846060833898e+01
1.647436408158992904e+01
1.648257776252628659e+01
