1.882277511367845335e+01
1.881633835978825431e+01
1.881074217411661209e+01
1.880632061486281614e+01
1.880240768400092577e+01
1.879740459284828447e+01
1.879246037996480467e+01
1.878671485568555966e+01
1.878116671621876677e+01
1.877780637300047673e+01
1.877230800289831691e+01
1.876898858261524339e+01
1.876514193553380494e+01
1.876157912961040353e+01
1.875651995641030112e+01
1.874948833385666447e+01
1.874569590527935148e+01
1.874268040181017270e+01
1.873952042813903418e+01
1.873546478346851174e+01
1.873212210345088735e+01
1.872916681315020071e+01
1.872361007157811130e+01
1.872062709034388917e+01
1.871517834546065373e+01
