7.041551263494943669e+03
7.026870324588151561e+03
7.017820212869702118e+03
7.006194860186237747e+03
6.992821092717344072e+03
6.983648054038707414e+03
6.971970879808832251e+03
6.950286194164057633e+03
6.936523985368420654e+03
6.923882674252915422e+03
6.909016962842461908e+03
6.893466774902944053e+03
6.880951061524204306e+03
6.867356903332014554e+03
6.847248797968856707e+03
6.832639061638697967e+03
6.817381691484317344e+03
6.801373470234302658e+03
6.784344086674066602e+03
6.764805913043561304e+03
6.742149902310807192e+03
6.725603089713645204e+03
6.703140232921046845e+03
6.680019638989396299e+03
6.652645195040112412e+03
6.614370331993228319e+03
6.587993287041433177e+03
6.544687054785596956e+03
