6.098803003448916904e+00
6.099685754255316894e+00
6.100578461486334980e+00
6.101482979540770124e+00
6.102398593195763610e+00
6.103325535141214786e+00
6.104263789427926135e+00
6.105213067303027152e+00
6.106173572676218519e+00
6.107145081996705471e+00
6.108127514193506968e+00
6.109120897519972004e+00
6.110125057855873010e+00
6.111140072116291400e+00
6.112165652971908614e+00
6.113201798588479896e+00
6.114248468971310579e+00
6.115305388540977383e+00
6.116372754357407793e+00
6.117450097100427975e+00
6.118542329695968007e+00
