2.267085803051526938e+01
2.264009438630516158e+01
2.260483193271177882e+01
2.257528908787324440e+01
2.253723354236569421e+01
2.251479419369857382e+01
2.249374078074482597e+01
2.246223111090321822e+01
2.244274009529985037e+01
2.241391215680745219e+01
2.239505731418062950e+01
2.237545016148786203e+01
2.235842368100815847e+01
2.232214953768169252e+01
2.230243288166674986e+01
2.228417061486559803e+01
2.226891621465971838e+01
2.225476601014949196e+01
2.224200398829117731e+01
2.222692258827591516e+01
2.221586556555845959e+01
2.220524459853834642e+01
2.219343445953391836e+01
2.218177935504717979e+01
2.217134462241143922e+01
2.216163116922685106e+01
2.215046107187288271e+01
2.214237524917077948e+01
