3.071363027228595456e+04
3.068539503887299361e+04
3.065381308892353991e+04
3.059501245749542431e+04
3.057586822411312824e+04
3.053940639407202980e+04
3.051624815662064066e+04
3.049705047150005703e+04
3.046791894408662120e+04
3.044171231961005833e+04
3.039565172698316019e+04
3.035041411411334411e+04
3.028714954633440357e+04
3.021725524385615790e+04
3.019951729810138931e+04
3.016138183143933929e+04
3.014377050293422508e+04
3.010845231778745074e+04
3.008811049646526953e+04
2.996585392197221154e+04
2.985578062666645565e+04
2.977846208424641009e+04
2.972606728843794554e+04
2.964824594756663282e+04
2.956468191895380005e+04
2.948183478003497294e+04
2.941836004007289375e+04
2.937472663348948845e+04
2.931628360595402410e+04
2.919072889272036628e+04
2.911177936108320137e+04
2.903261944094491992e+04
2.901428794710828879e+04
2.886460155644707993e+04
2.878431712674211667e+04
2.869354850040578458e+04
2.860362978989712428e+04
2.849522821832443879e+04
2.838789918024968938e+04
2.833028251172098317e+04
2.818300723829246635e+04
2.803797850589913287e+04
2.801669771563317408e+04
2.796677180749831314e+04
2.790811260519134885e+04
2.783289203095174162e+04
2.774615743081354231e+04
2.766066636794044825e+04
2.757517534867874929e+04
2.749101733528495242e+04
2.745701552293845089e+04
2.741142764467248708e+04
2.737285194200050319e+04
2.729082488122874565e+04
2.720913790852676539e+04
2.712891631419771875e+04
2.704977403296260309e+04
2.697130945091483591e+04
2.690945037664262418e+04
2.689400841683333419e+04
2.687385563865499353e+04
2.676140298845780853e+04
2.667651805772598527e+04
2.659288348026232052e+04
2.651044975181652990e+04
2.642927313647616393e+04
2.635791850348587468e+04
2.628749525981839906e+04
2.618470841962138365e+04
2.614675323590938206e+04
2.609876502873230856e+04
2.602948520497832214e+04
2.595688682310902004e+04
2.588132144005136797e+04
2.580375790558355220e+04
2.572991145978808345e+04
2.565704984923615484e+04
2.559100655180114700e+04
2.552587716742585690e+04
2.546141924897245190e+04
2.539763807109436675e+04
2.533470500489393453e+04
2.527230419805691781e+04
2.521069176306944428e+04
2.514957689617122378e+04
2.510647301665350824e+04
2.501418787215286648e+04
2.492321513313048126e+04
2.485053554531607369e+04
2.477039583527218565e+04
2.469108791057442068e+04
2.460608298234340327e+04
2.459147887033347433e+04
2.449494050412812430e+04
2.445587531891025719e+04
2.441184860152332112e+04
