1.385619256046808090e+01
1.386926597786234261e+01
1.387762928127201434e+01
1.388864010981570196e+01
1.390161306336832148e+01
1.391066995141322948e+01
1.392235891305812601e+01
1.394446514783800950e+01
1.395872172925398225e+01
1.397194941639062549e+01
1.398764796505854235e+01
1.400421658597474561e+01
1.401764997356518272e+01
1.403233051926949848e+01
1.405420010677986475e+01
1.407019427127449873e+01
1.408698267131353710e+01
1.410468334013503799e+01
1.412360212522818692e+01
1.414541175865846867e+01
1.417082837864074385e+01
1.418947030419033695e+01
1.421487526495739573e+01
1.424113276266966110e+01
1.427235155738439865e+01
1.431621553870279051e+01
1.434657578800923083e+01
1.439663043778534757e+01
