1.999999972405624149e+01
2.000387479570637339e+01
2.000780083107852292e+01
2.001177870584572105e+01
2.001580858145878850e+01
2.001989065841145177e+01
2.002402511721387768e+01
2.002821213152670765e+01
2.003245185800557593e+01
2.003674445219599320e+01
2.004109005553921818e+01
2.004548878994651417e+01
2.004994077036362299e+01
2.005444608634359227e+01
2.005900481417457470e+01
2.006361701158584054e+01
2.006828271838955402e+01
2.007300194844891550e+01
2.007777469088151179e+01
2.008260091188010321e+01
2.008748055138775257e+01
2.009241352105024703e+01
2.009739970889765104e+01
2.010243897863754015e+01
2.010753115883867181e+01
2.011267604596908143e+01
2.011787340818154490e+01
2.012312298203422856e+01
2.012842447165554560e+01
2.013377754256005758e+01
2.013918182967540815e+01
2.014463693028203295e+01
2.015014241281470220e+01
2.015569780094783425e+01
2.016130258445424417e+01
2.016695621583239273e+01
2.017265811006949860e+01
2.017840764573402623e+01
2.018420415197226703e+01
2.019004696075650784e+01
2.019593471341823587e+01
