6.721867105582507520e+02
6.776614818241879448e+02
6.849413789321667991e+02
6.905269260790184944e+02
6.955300935593570557e+02
7.010294481110366860e+02
7.061283431225025424e+02
7.104984888554753297e+02
7.155564157105424101e+02
7.210190237107736948e+02
7.259391034586672049e+02
7.347157292016571546e+02
7.395065558439230244e+02
7.443952979798739307e+02
7.502107275952514556e+02
7.547582043331667592e+02
7.624753962886023828e+02
7.671196645025685257e+02
7.730091786261614288e+02
7.774359698326725265e+02
