1.778517674472777088e+01
1.794137152804711022e+01
1.798476571708912530e+01
1.784596908981625063e+01
1.778783713547310086e+01
1.771913489999735702e+01
1.771720230695997245e+01
1.774039982703352081e+01
1.780780944919618491e+01
1.788364927385571690e+01
1.799612577918974310e+01
1.803526084968970977e+01
1.801028156391864954e+01
1.799532830552108820e+01
1.800096104792731211e+01
1.802698269725248537e+01
1.804408232811634960e+01
1.808345599346310095e+01
1.810713009864807788e+01
1.821951231239220093e+01
1.826651308331230439e+01
1.829488604762922677e+01
1.832355095839140091e+01
1.838607368742550108e+01
1.846887925423764187e+01
1.853915445989971289e+01
1.857317054066942319e+01
1.858874953946710917e+01
1.860852523271437420e+01
1.868935831264915137e+01
1.876656419188980607e+01
1.883558547437381137e+01
1.884764628193971348e+01
1.889590053902403710e+01
1.892398256224292652e+01
1.899439600232858183e+01
1.909238928451365425e+01
1.919072524477886077e+01
1.924602540572930565e+01
1.927721558225359288e+01
1.943004678381736383e+01
1.960135100586376566e+01
1.961716651821377511e+01
1.964359793748996097e+01
1.966293759100477345e+01
1.969213783727090217e+01
1.975833875416590146e+01
1.984898696182612454e+01
1.992797141082909107e+01
1.997637753053023957e+01
1.999122007245511057e+01
2.001220652340744977e+01
2.003388610741362186e+01
2.009647821788609434e+01
2.017280672328696767e+01
2.024542626820182534e+01
2.030859185011269474e+01
2.036448370881118919e+01
2.040456481279673895e+01
2.041415078281968931e+01
2.042657562506190416e+01
2.050559239499369824e+01
2.059439856130249424e+01
2.069993150551926320e+01
2.078774660089581516e+01
2.084945745509320503e+01
2.091202563250338642e+01
2.100304130510028600e+01
2.114025233515926416e+01
2.117323176940690033e+01
2.120083047503201357e+01
2.123439277492989419e+01
2.129426366057780839e+01
2.138466705791497446e+01
2.147098486752103241e+01
2.152122755041988711e+01
2.155031724763795609e+01
2.158875908020279866e+01
2.165482343182924296e+01
2.173478688113555890e+01
2.179903754237519564e+01
2.183240643178000440e+01
2.185082969836766509e+01
2.188652350033539662e+01
2.195581177120189054e+01
2.201694393846799969e+01
2.212407188685615722e+01
2.216976124918574342e+01
2.222897564816190297e+01
2.237020924581674564e+01
2.252114704467312123e+01
2.258332705783340089e+01
2.258383414035245451e+01
2.261233461858213190e+01
2.268160684508652380e+01
2.282226394833012506e+01
