6.243772480711181849e+00
6.229367008002792971e+00
6.216047646442929064e+00
6.203764522184057384e+00
6.192463251122046763e+00
6.182089312081760824e+00
6.172588764823421670e+00
6.163908893004237832e+00
6.155998813766481170e+00
6.148810061725414222e+00
6.142296299741156318e+00
6.136414029830794092e+00
6.131122288932941089e+00
6.126382639916282180e+00
6.122159182160506141e+00
6.118418422391400213e+00
6.115129198879627026e+00
6.112262174154361460e+00
6.109790157164067814e+00
6.107686766692946634e+00
6.105936068282749929e+00
