6.087733417116977463e+00
6.087868911320342136e+00
6.088005311730121605e+00
6.088144056663114867e+00
6.088284183453416709e+00
6.088426119470647713e+00
6.088570416027999421e+00
6.088715746872096268e+00
6.088863034862573187e+00
6.089012725576466778e+00
6.089163208359472890e+00
6.089315864323538996e+00
6.089470845594121329e+00
6.089626372217309402e+00
6.089784270903109586e+00
6.089944390094920834e+00
6.090104900389984088e+00
6.090268014372791860e+00
6.090433222753324216e+00
6.090598612605583995e+00
6.090766697115764572e+00
6.090936676155412677e+00
6.091106758276568556e+00
6.091279800344348239e+00
6.091454531968490294e+00
6.091629185321545847e+00
6.091806952198059122e+00
6.091986123230194394e+00
6.092165208065804194e+00
6.092347732724103793e+00
6.092531213011585400e+00
6.092714512621601131e+00
6.092901513508128808e+00
6.093088857427641614e+00
6.093276240088777662e+00
6.093467659440724660e+00
6.093658416386544374e+00
6.093850236333135051e+00
6.094045717335269785e+00
6.094237158225945805e+00
6.094468840905236995e+00
