2.000000115215215502e+01
2.000350646220045903e+01
2.000705755101215999e+01
2.001065497482955280e+01
2.001429854133911590e+01
2.001798809434032478e+01
2.002172345284962418e+01
2.002550442612233539e+01
2.002933080410872790e+01
2.003320237462862252e+01
2.003711891134067713e+01
2.004108016967169448e+01
2.004508590061867679e+01
2.004913583378928621e+01
2.005322969082208573e+01
2.005736718142808073e+01
2.006154800514319447e+01
2.006577184447759521e+01
2.007003836714315881e+01
2.007434722891592216e+01
2.007869807142257557e+01
2.008309052113270710e+01
2.008752419505773545e+01
2.009199870099023855e+01
2.009651362762686233e+01
2.010106854855730063e+01
2.010566302704954467e+01
2.011029661385260781e+01
2.011496884733424295e+01
2.011967924817809106e+01
2.012442732817870450e+01
2.012921258382041856e+01
2.013403450568445407e+01
2.013889256298778108e+01
2.014378621489866461e+01
2.014871490751202998e+01
2.015367807404885880e+01
2.015867513605423511e+01
2.016370549098836307e+01
2.016876856334666357e+01
2.017386312549965410e+01
