1.197230908936176820e+04
1.198421848378789764e+04
1.199536940780210898e+04
1.200472322742843244e+04
1.201341393211439936e+04
1.202510830919322871e+04
1.203732850612675793e+04
1.205238971595468502e+04
1.206784737628964649e+04
1.207766273527525300e+04
1.209448857633316948e+04
1.210512163538092136e+04
1.211790669267823068e+04
1.213020533115651051e+04
1.214845176408549014e+04
1.217540869575901888e+04
1.219075630392744824e+04
1.220338188327615717e+04
1.221702652584837415e+04
1.223518082510814929e+04
1.225070580446514577e+04
1.226486981029702474e+04
1.229266299034118492e+04
1.230823467781396175e+04
1.233791604569192896e+04
