2.567560341882654029e+01
2.546271102817547671e+01
2.533733856188861822e+01
2.518145397421143983e+01
2.500802875507980261e+01
2.489213865054915686e+01
2.474769069947103262e+01
2.448715632038761569e+01
2.432618252845880846e+01
2.418087051186607539e+01
2.401275222085997640e+01
2.383973284580567409e+01
2.370236615854987861e+01
2.355489170134517352e+01
2.333973166549708012e+01
2.318542246298115828e+01
2.302591662629723501e+01
2.286022106910147400e+01
2.268567208132829194e+01
2.248740839600888464e+01
2.225994947565833115e+01
2.209534657165869831e+01
2.187378095068711303e+01
2.164782304057479934e+01
2.138280513437160124e+01
2.101638420484300696e+01
2.076640150423190079e+01
2.036000160767793332e+01
