4.045099537168371562e+00
4.046200539138989249e+00
4.047248427242569946e+00
4.048209675997378909e+00
4.049055072858354976e+00
4.049814101074701966e+00
4.050454040653174381e+00
4.050940049672080434e+00
4.051312883373682894e+00
4.051552038922528354e+00
4.051607735748232741e+00
4.051528037294975348e+00
4.051317170125837031e+00
4.050909766042911642e+00
4.050347780183664703e+00
4.049670585517423760e+00
4.048805975376335908e+00
4.047771637244467868e+00
4.046643202775444870e+00
4.045359577919764860e+00
4.043898828909846976e+00
4.042360866387088691e+00
4.040717873661458626e+00
4.038903069456920569e+00
4.037016722427259729e+00
4.035083172468813650e+00
4.033000286532694822e+00
4.030838127562672568e+00
4.028679935905281617e+00
4.026412507612336711e+00
4.024050648452462298e+00
4.021727181980507382e+00
4.019345602619281088e+00
4.016852436869637444e+00
4.014411947639334066e+00
4.011966722779433780e+00
4.009395829600773453e+00
4.006887709075122039e+00
4.004400069978920840e+00
4.001747395200188073e+00
4.000000086028856927e+00
