6.104389337969419849e+00
6.105818419495705918e+00
6.107264004576490102e+00
6.108727914042838769e+00
6.110209396387548786e+00
6.111708646556120783e+00
6.113225609544961969e+00
6.114759956074653502e+00
6.116311848202279577e+00
6.117881019459259662e+00
6.119467344168676881e+00
6.121070805278142402e+00
6.122691182083776162e+00
6.124328503600298568e+00
6.125982433723100584e+00
6.127652920757844512e+00
6.129339874051514592e+00
6.131042966167473018e+00
6.132762341763834613e+00
6.134497479514096518e+00
6.136253254842278793e+00
