5.410788277940599983e+03
5.402393752246664917e+03
5.397243216096682772e+03
5.390648462399294658e+03
5.383086333594301323e+03
5.377912167952481468e+03
5.371338266409673452e+03
5.359162358967728323e+03
5.351453026228117778e+03
5.344382165217794864e+03
5.336078541223645516e+03
5.327404347673394113e+03
5.320430668971132036e+03
5.312863247944167597e+03
5.301682070440110692e+03
5.293566635008349294e+03
5.285098259462436545e+03
5.276220010740251382e+03
5.266782528545826608e+03
5.255962989067621493e+03
5.243427022381813003e+03
5.234277684599540407e+03
5.221864971367765065e+03
5.209097479447554178e+03
5.193991365057838266e+03
5.172887133765137150e+03
5.158353697498881957e+03
5.134509155238057247e+03
