2.195496136926255076e+03
2.202627158884682103e+03
2.210960378945843786e+03
2.218085859135239843e+03
2.227479960844063498e+03
2.233144912712139103e+03
2.238553446291115961e+03
2.246834348393922937e+03
2.252079996116858638e+03
2.260032756960276402e+03
2.265373671108424787e+03
2.271058746291473199e+03
2.276115519451306227e+03
2.287319494914547249e+03
2.293698379815763474e+03
2.299824166723568851e+03
2.305126461270167965e+03
2.310219206650646811e+03
2.314977804371572802e+03
2.320837383721366677e+03
2.325323794532553165e+03
2.329812343593700461e+03
2.335047852852323558e+03
2.340521816087690695e+03
2.345746495619638608e+03
2.350961449023775458e+03
2.357519392806544147e+03
2.362786978232104957e+03
