6.086625449537734767e+00
6.086858258693752965e+00
6.087093279649592681e+00
6.087331946645529790e+00
6.087573293539396246e+00
6.087817743619073241e+00
6.088065843496778484e+00
6.088316262832370818e+00
6.088569919425384391e+00
6.088827253548690699e+00
6.089086649536429974e+00
6.089349482400676195e+00
6.089615898146266026e+00
6.089884110831834896e+00
6.090155940072758511e+00
6.090431227330252995e+00
6.090708136196555600e+00
6.090988871097052559e+00
6.091272914740140543e+00
6.091558346032105220e+00
6.091847668834335927e+00
6.092140073964829483e+00
6.092433760664229148e+00
6.092731575330768479e+00
6.093032237489833136e+00
6.093333968860961569e+00
6.093639949619932494e+00
6.093948459258208494e+00
6.094257995765187452e+00
6.094572072377685501e+00
6.094888192749891687e+00
6.095205207672232284e+00
6.095526985151475508e+00
6.095850153818248351e+00
6.096174395270352875e+00
6.096503692588787438e+00
6.096833332880144951e+00
6.097165026555358303e+00
6.097501356863925359e+00
6.097834608778568644e+00
6.098209047966780538e+00
