9.804440316168203253e+02
9.801420852741568979e+02
9.797398092118746717e+02
9.794305622251796422e+02
9.791531180535733938e+02
9.788476777074611164e+02
9.785640295084356239e+02
9.783205766901114657e+02
9.780384118833567300e+02
9.777331928612717320e+02
9.774578619300708624e+02
9.769657153727015384e+02
9.766965301293628272e+02
9.764214492809561534e+02
9.760937071113486354e+02
9.758370310480914895e+02
9.754006567337420393e+02
9.751375651575963275e+02
9.748034155114100940e+02
9.745518751962060833e+02
