2.617710267011565861e+01
2.620253903414580066e+01
2.623206928082959166e+01
2.625714753176822214e+01
2.628995774054207146e+01
2.630959937472636412e+01
2.632824728792248337e+01
2.635659385693367440e+01
2.637441773067532580e+01
2.640123590651283081e+01
2.641910357793074482e+01
2.643799182647160251e+01
2.645467563044866921e+01
2.649123089111838780e+01
2.651177879479975630e+01
2.653132142088120560e+01
2.654808063598436974e+01
2.656403579831864548e+01
2.657881413682638438e+01
2.659683265837111321e+01
2.661049006439927211e+01
2.662402922267837369e+01
2.663965801357555208e+01
2.665580274263322380e+01
2.667101730165480689e+01
2.668600513258347107e+01
2.670455737204616398e+01
2.671920864538838813e+01
