1.632200025376664598e+01
1.633672925033889456e+01
1.635485543055196800e+01
1.637116420746112411e+01
1.639385287235668898e+01
1.640821210590394941e+01
1.642241360660996463e+01
1.644512085855417638e+01
1.646012886091955707e+01
1.648384159407904903e+01
1.650043852809925582e+01
1.651872004874689992e+01
1.653553117943567941e+01
1.657470675601360099e+01
1.659825501846060902e+01
1.662176245587834700e+01
1.664284478828299285e+01
1.666376044430360182e+01
1.668391499764253538e+01
1.670957463687658517e+01
1.672987263228486654e+01
1.675076702906233095e+01
1.677590740534521885e+01
1.680311404435842704e+01
1.682999849508149381e+01
1.685776598989517083e+01
1.689407342596754447e+01
1.692441537575044208e+01
