1.413308332975256754e+01
1.418045740387360709e+01
1.424254411880885485e+01
1.428947826925245401e+01
1.433100106438571864e+01
1.437607739426488429e+01
1.441734314570288156e+01
1.445230663062462995e+01
1.449230665140498786e+01
1.453494533844695979e+01
1.457284998963065270e+01
1.463929075538623970e+01
1.467492289712979137e+01
1.471082073353356101e+01
1.475291470184515852e+01
1.478537015110690689e+01
1.483952268464531699e+01
1.487155088585182661e+01
1.491156016301679443e+01
1.494118625083466867e+01
