3.556989271381269191e+03
3.570790717190107898e+03
3.578136000746968421e+03
3.586548027874346644e+03
3.595054968776015812e+03
3.600282957063182948e+03
3.606327862112275852e+03
3.616025594798988095e+03
3.621313164225227865e+03
3.625664461381107685e+03
3.630233717136567520e+03
3.634450484867855721e+03
3.637469853664115362e+03
3.640406734605012389e+03
3.644160188610022033e+03
3.646487426206065265e+03
3.648592020369483635e+03
3.650471165959615973e+03
3.652129996089776796e+03
3.653636766406571951e+03
3.654899743016066623e+03
3.655520543433940020e+03
3.655989000297652638e+03
3.656055840056161742e+03
3.655636880015822953e+03
3.654233208535787071e+03
3.652763293643609359e+03
3.649552061729724301e+03
