1.607947198035533631e+01
1.608116231146411579e+01
1.608362643346586651e+01
1.608616640564882161e+01
1.609015009438471111e+01
1.609291455441695717e+01
1.609581711465485299e+01
1.610077648549090412e+01
1.610425165544508985e+01
1.611003341130811606e+01
1.611427566140119794e+01
1.611912022055835791e+01
1.612372352142787690e+01
1.613495393171163883e+01
1.614201312809635880e+01
1.614927006404720089e+01
1.615594451501874929e+01
1.616271162266226114e+01
1.616936159410075646e+01
1.617800042738274158e+01
1.618496324090576977e+01
1.619224314235097140e+01
1.620114568873782446e+01
1.621094636135955724e+01
1.622079099733469576e+01
1.623111630452796206e+01
1.624484349890135704e+01
1.625649991032128838e+01
