4.013318138695296966e+00
4.022273056315305517e+00
4.031126032111446378e+00
4.039791095241665353e+00
4.048186499212653722e+00
4.056236931168520243e+00
4.063873725486363497e+00
4.071034660329154065e+00
4.077663082127108041e+00
4.083708429374208748e+00
4.089124846012635928e+00
4.093871543998256257e+00
4.097912218559839559e+00
4.101214322556659297e+00
4.103749345825804973e+00
4.105492086627924309e+00
4.106420754711276544e+00
4.106516683362518627e+00
4.105764364047058912e+00
4.104151347250951432e+00
4.101673626656413774e+00
