2.367790327451386290e+01
2.368096274521419176e+01
2.368487743857028249e+01
2.368776218332748940e+01
2.369025854381727569e+01
2.369290696836060306e+01
2.369527317084607887e+01
2.369723275489169012e+01
2.369942187885129314e+01
2.370169110932547696e+01
2.370365048285321308e+01
2.370694687270183110e+01
2.370863874241707592e+01
2.371028692332871302e+01
2.371214456500493384e+01
2.371351923355992497e+01
2.371569552673436121e+01
2.371691027457992007e+01
2.371834810483961675e+01
2.371935329083238742e+01
