9.704738186975329882e+03
9.708349250062599822e+03
9.712424582999521590e+03
9.720031103366329262e+03
9.722525066893223993e+03
9.727249032342697319e+03
9.730234758338394386e+03
9.732712436858959336e+03
9.736483504215057110e+03
9.739877871991362554e+03
9.745817868326643293e+03
9.751657858688948181e+03
9.760057722079856831e+03
9.769631638373510214e+03
9.772072879284010924e+03
9.777331304177756465e+03
9.779775209359891960e+03
9.784730221326897663e+03
9.787622358535129024e+03
9.805676934585504569e+03
9.822698062383606157e+03
9.834741786421629513e+03
9.842918850500118424e+03
9.855109321792038827e+03
9.868221493481982179e+03
9.881249104520920810e+03
9.891252059676169665e+03
9.898132902518660558e+03
9.907369692000138457e+03
9.927371259906771229e+03
9.940043659127417413e+03
9.952813305014342404e+03
9.955779616458823511e+03
9.980173668488901967e+03
9.993364562373253648e+03
1.000830388488932294e+04
1.002314374593392313e+04
1.004107289536679127e+04
1.005888029943991751e+04
1.006846194386992283e+04
1.009305807242865012e+04
1.011740505348437000e+04
1.012098600346137755e+04
1.012939836180655402e+04
1.013930155358090815e+04
1.015203316948985412e+04
1.016676255485978800e+04
1.018133140145125253e+04
1.019595652374901692e+04
1.021040616330017292e+04
1.021626079424412637e+04
1.022412570468057311e+04
1.023079378541887127e+04
1.024501684881400615e+04
1.025924500367189285e+04
1.027327443176549787e+04
1.028718141907236350e+04
1.030102755342196178e+04
1.031199061620649081e+04
1.031473428373792922e+04
1.031831872594552988e+04
1.033840185059126998e+04
1.035366121709064282e+04
1.036877801252373320e+04
1.038376738904689046e+04
1.039860954051349290e+04
1.041173549502498827e+04
1.042476193191377570e+04
1.044401727704022051e+04
1.045116059627941650e+04
1.046021852896424025e+04
1.047340252507066361e+04
1.048744187681673975e+04
1.050237328407865607e+04
1.051788719199642037e+04
1.053273549183748219e+04
1.054748595368699353e+04
1.056094277932364821e+04
1.057431636787064781e+04
1.058765042939585874e+04
1.060093165062072512e+04
1.061413673042067421e+04
1.062731537021815711e+04
1.064040809639431245e+04
1.065349439494669423e+04
1.066278514374820043e+04
1.068282263249866628e+04
1.070271710491753038e+04
1.071869568317212907e+04
1.073637840376343411e+04
1.075392556446688468e+04
1.077277605797403521e+04
1.077602172661852092e+04
1.079733950736541919e+04
1.080592186946505899e+04
1.081552754602678942e+04
