3.981269191466182747e+03
3.977243207354808874e+03
3.975465820793654984e+03
3.973802729086388808e+03
3.972598541983499672e+03
3.972140309410203827e+03
3.971926737351882821e+03
3.972455775387770245e+03
3.973316900639751566e+03
3.974414234756299265e+03
3.976036509039378871e+03
3.978074519001471344e+03
3.979941757534654243e+03
3.982177504049753225e+03
3.985842457370423290e+03
3.988747541364386052e+03
3.991978807742027129e+03
3.995568442362849055e+03
3.999593174254853693e+03
4.004451033827792799e+03
4.010377489797207090e+03
4.014888620469552734e+03
4.021239417386326750e+03
4.028027819006451409e+03
4.036366978684520745e+03
4.048522312350961784e+03
4.057203642379750363e+03
4.071940222605676354e+03
