2.570021627994825053e+01
2.567246846446553121e+01
2.564824737408210709e+01
2.562904418969567999e+01
2.561199984088265680e+01
2.559013608032933007e+01
2.556844899310625507e+01
2.554314249417976868e+01
2.551859432634536873e+01
2.550367116407559820e+01
2.547916007943913286e+01
2.546430475337250598e+01
2.544703365638561365e+01
2.543098144406214089e+01
2.540809226817320976e+01
2.537608511586967097e+01
2.535872413062059394e+01
2.534486845505207953e+01
2.533029863069781484e+01
2.531152105414554043e+01
2.529597617900493489e+01
2.528217957014732065e+01
2.525609713094585729e+01
2.524201630326999179e+01
2.521614566745479635e+01
