7.627446223818403269e+03
7.627048265326556248e+03
7.626286370466005792e+03
7.625371965092623213e+03
7.623780793767128671e+03
7.622601334649022647e+03
7.621315411414356277e+03
7.619033624631606472e+03
7.617385618148786307e+03
7.614575502490878534e+03
7.612470070753923210e+03
7.610029211070375823e+03
7.607679481374379975e+03
7.601847140706734535e+03
7.598122558174284677e+03
7.594255587188201389e+03
7.590669757752464648e+03
7.587009191529557029e+03
7.583390306662167859e+03
7.578660692550835847e+03
7.574827838849198088e+03
7.570802616772846704e+03
7.565857853477546996e+03
7.560388705458368349e+03
7.554870888284975081e+03
7.549060318373894006e+03
7.541302266872490691e+03
7.534688001020311276e+03
