3.319339637368563217e+03
3.371501339840392575e+03
3.400992434193626650e+03
3.436530316935193241e+03
3.474731490414637847e+03
3.499542917419774312e+03
3.529729205955366524e+03
3.582284874821838912e+03
3.613652474319095745e+03
3.641306686179913413e+03
3.672571978183146712e+03
3.703987062694358883e+03
3.728413564150788716e+03
3.754159653523607631e+03
3.790889017067673194e+03
3.816658814182057995e+03
3.842824395004892267e+03
3.869523719179126601e+03
3.897146678768167931e+03
3.927930672550766758e+03
3.962517475934845606e+03
3.987086813506226918e+03
4.019582836442134521e+03
4.052078671316823147e+03
4.089411909644326443e+03
4.139737009997026689e+03
4.173266832441999213e+03
4.226488266467484209e+03
