2.160929973402908288e+01
2.159673784687763387e+01
2.158211472838618761e+01
2.156966103043675176e+01
2.155331575706213343e+01
2.154350091070585549e+01
2.153416077035475240e+01
2.151991986530656575e+01
2.151093735956531816e+01
2.149737862174542258e+01
2.148831440975810381e+01
2.147870416046182385e+01
2.147019003829699457e+01
2.145144510243691371e+01
2.144084978642192496e+01
2.143073013466334231e+01
2.142201633716187459e+01
2.141368814047886815e+01
2.140594418538335120e+01
2.139646061817860101e+01
2.138923979090415273e+01
2.138205181471859362e+01
2.137371521192001822e+01
2.136505589788011505e+01
2.135684763756810867e+01
2.134871237480277983e+01
2.133856798569838631e+01
2.133049252822266340e+01
