3.016158058412834635e+03
2.966262874096835276e+03
2.909901604812221649e+03
2.863432139547330280e+03
2.804695205054068538e+03
2.770716381975088552e+03
2.739323278464351915e+03
2.693308946227923570e+03
2.665488301119419702e+03
2.625352765188876674e+03
2.599828777783017813e+03
2.573969314770356959e+03
2.552138556594181409e+03
2.507873724665079862e+03
2.485319783525155799e+03
2.465562572334554261e+03
2.450025810452624228e+03
2.436521736788288763e+03
2.425204698925966113e+03
2.413061461038913876e+03
2.405150853821322471e+03
2.398485331746474913e+03
2.392347067298304864e+03
2.387890083412637523e+03
2.385587487242970838e+03
2.385275273076042140e+03
2.387839298916894222e+03
2.392407187157856697e+03
