5.122412076116806020e+03
5.123199378196266480e+03
5.124169586574307687e+03
5.125043626745355141e+03
5.126261131238790767e+03
5.127032502419734556e+03
5.127795978721784195e+03
5.129017819548533225e+03
5.129826053729719206e+03
5.131104067623343326e+03
5.131999241965687361e+03
5.132985866013259511e+03
5.133893645018391908e+03
5.136010802477071593e+03
5.137284476058739529e+03
5.138556662489350856e+03
5.139698176504928597e+03
5.140831165072654585e+03
5.141923368488201959e+03
5.143314492381723539e+03
5.144415380794344856e+03
5.145549002114620635e+03
5.146913480192158204e+03
5.148390674848223171e+03
5.149850925634425948e+03
5.151359679835408315e+03
5.153333231106194944e+03
5.154983152466262254e+03
