5.696487593960765480e+03
5.659218588700447071e+03
5.628167112163733691e+03
5.604554481363376908e+03
5.584357998209767175e+03
5.559521927566575869e+03
5.536102756162502374e+03
5.510346643793833209e+03
5.487024495441723957e+03
5.473667046374226629e+03
5.453108393431697550e+03
5.441502340530097172e+03
5.428837964580372500e+03
5.417882722215803369e+03
5.403652585635664764e+03
5.386580991158727556e+03
5.378744430407420623e+03
5.373228822076501274e+03
5.368151056142578454e+03
5.362722617207467920e+03
5.359201348550121111e+03
5.356831048885569544e+03
5.354342345131695765e+03
5.354111060231403826e+03
5.355787087932182658e+03
