2.098093004853621935e+01
2.099632827779408473e+01
2.101420046392195928e+01
2.102937437139293309e+01
2.104922089829241472e+01
2.106109862779695874e+01
2.107237303487315572e+01
2.108950646651140559e+01
2.110027661965064283e+01
2.111647684976453831e+01
2.112726692540401885e+01
2.113867021051958162e+01
2.114873982419545584e+01
2.117079310964179228e+01
2.118318293822430931e+01
2.119496192741784313e+01
2.120505937167329336e+01
2.121466881224992562e+01
2.122356618321768451e+01
2.123440974370491574e+01
2.124262520306380964e+01
2.125076627696025966e+01
2.126015953909882938e+01
2.126985768036568203e+01
2.127899181894077429e+01
2.128798442899419285e+01
2.129910750106282080e+01
2.130788469792875972e+01
