4.975190668041593199e+03
4.982939123978067983e+03
4.991935987960126113e+03
4.999577660891247433e+03
5.009577107055621127e+03
5.015564217626811114e+03
5.021249158620428716e+03
5.029892244276206839e+03
5.035327821603069424e+03
5.043507765474212647e+03
5.048958701874731560e+03
5.054721938735804542e+03
5.059813404854699002e+03
5.070972147253767616e+03
5.077246505651421103e+03
5.083215333556485348e+03
5.088335226018914909e+03
5.093210572624184351e+03
5.097727330955444813e+03
5.103235799826799848e+03
5.107412120893402971e+03
5.111553279031849343e+03
5.116334900702660889e+03
5.121275968582209316e+03
5.125933966189208149e+03
5.130524206340528508e+03
5.136208596446460433e+03
5.140699887128930641e+03
