3.970617514748757237e+00
3.971383689370209247e+00
3.972163733294972410e+00
3.972958797730717251e+00
3.973768311473095505e+00
3.974592325552509742e+00
3.975430716314189095e+00
3.976283172750279427e+00
3.977149699746566736e+00
3.978030012048232589e+00
3.978923908678984045e+00
3.979831251692957927e+00
3.980751762248319281e+00
3.981685314988662849e+00
3.982631535912248832e+00
3.983590229666479132e+00
3.984561165114320680e+00
3.985543946567810636e+00
3.986538478540878394e+00
3.987544218053511447e+00
3.988564178617559186e+00
