1.677152782698281541e+01
1.676168638015695933e+01
1.675609697626275363e+01
1.674933728750382045e+01
1.674204145768408836e+01
1.673728645768713008e+01
1.673148397053603631e+01
1.672133595626765867e+01
1.671525154121986390e+01
1.670987029065023322e+01
1.670376702835356753e+01
1.669761386321373209e+01
1.669281521499712184e+01
1.668774377556425037e+01
1.668048478216523733e+01
1.667537487730037071e+01
1.667017223195535180e+01
1.666484864762211160e+01
1.665932515244263712e+01
1.665315070710266454e+01
1.664618979215984496e+01
1.664122973184770871e+01
1.663464996986333588e+01
1.662804808082524488e+01
1.662043605918711719e+01
1.661012877563790013e+01
1.660323188955139173e+01
1.659223609547576928e+01
