1.674173192763095841e+01
1.678411362026370668e+01
1.683443274892653108e+01
1.687816098751360272e+01
1.693684094800907047e+01
1.697281399679150837e+01
1.700758548521658753e+01
1.706165882404011924e+01
1.709645308400052599e+01
1.715003544682329917e+01
1.718660280807441154e+01
1.722605977055006576e+01
1.726163288546628394e+01
1.734212162846511518e+01
1.738902564087207026e+01
1.743484323186472906e+01
1.747513874576225845e+01
1.751441957723768184e+01
1.755165298556437392e+01
1.759823091647328752e+01
1.763445838036336255e+01
1.767121176193299092e+01
1.771474797962157766e+01
1.776106571994043648e+01
1.780606895602314665e+01
1.785179734029142651e+01
1.791050623357907057e+01
1.795868505289875117e+01
