2.262666118047385311e+01
2.259379320380069700e+01
2.257449398771107951e+01
2.255055018173601411e+01
2.252397392149387301e+01
2.250624766524898135e+01
2.248418746762926190e+01
2.244448589231458513e+01
2.242000696316750563e+01
2.239794028553637517e+01
2.237244404007050846e+01
2.234623974611058372e+01
2.232545898560216813e+01
2.230317122759449333e+01
2.227069271940236916e+01
2.224742612739741787e+01
2.222339782830251664e+01
2.219845937549899872e+01
2.217221167923546332e+01
2.214242527968384877e+01
2.210828647725834983e+01
2.208360286100248615e+01
2.205040383295324347e+01
2.201657647926773365e+01
2.197693767173403856e+01
2.192219178763142651e+01
2.188487976278253910e+01
2.182428075168667192e+01
