4.802013403696461864e+03
4.788621488463041715e+03
4.780773054239929479e+03
4.771049612835341577e+03
4.760273501332216256e+03
4.753094670149574995e+03
4.744169756726562809e+03
4.728130932900169682e+03
4.718255455535692818e+03
4.709361329283142368e+03
4.699093923517417352e+03
4.688550831271742027e+03
4.680196252654308410e+03
4.671241749623445685e+03
4.658203302121109118e+03
4.648870090292763052e+03
4.639237214338296326e+03
4.629245473930438493e+03
4.618735462809690034e+03
4.606815899944292141e+03
4.593163787634999608e+03
4.583298567255809758e+03
4.570037242356869683e+03
4.556533022170063305e+03
4.540718610424321923e+03
4.518893294308186341e+03
4.504028376900878357e+03
4.479902280806480121e+03
