2.098195038438602467e+01
2.096053625503154549e+01
2.094269851989646725e+01
2.092913686336463641e+01
2.091753943025581819e+01
2.090328101072910982e+01
2.088983983144385093e+01
2.087506255085845908e+01
2.086168752103819557e+01
2.085403021340292540e+01
2.084225020500235459e+01
2.083560360284258905e+01
2.082835467879093017e+01
2.082208798360962376e+01
2.081395518859027405e+01
2.080421457168593946e+01
2.079975269199635690e+01
2.079661808926532629e+01
2.079373875160451490e+01
2.079067191831951789e+01
2.078869448413347953e+01
2.078737521620216100e+01
2.078603116878760559e+01
2.078594759704768791e+01
2.078700677699677968e+01
