1.860755488412975112e+01
1.876167969174843364e+01
1.879676062273779280e+01
1.863252558385336499e+01
1.856556845788533039e+01
1.848214707594217998e+01
1.847288614077201885e+01
1.849119343876620647e+01
1.855272116808054150e+01
1.862399451607270251e+01
1.872726000997592166e+01
1.875365803604057291e+01
1.870848162439463991e+01
1.867309918659822543e+01
1.867384633668411453e+01
1.868980038212666273e+01
1.870247130205153141e+01
1.873330692223599669e+01
1.875218285451103384e+01
1.883537128460526944e+01
1.885491118027197999e+01
1.886345913911575778e+01
1.887911355514246736e+01
1.892368405808077725e+01
1.898835893524833907e+01
1.904034973910441408e+01
1.905948323434940050e+01
1.906440694470311925e+01
1.906989915084003684e+01
1.912298901944199869e+01
1.918456423824040513e+01
1.923776598674679761e+01
1.924603026196074751e+01
1.926163181785721434e+01
1.927278692952265260e+01
1.932622571377798693e+01
1.940895195290336162e+01
1.948819288569313812e+01
1.952282000475355517e+01
1.954310998792979248e+01
1.967202864040699239e+01
1.982130787569658992e+01
1.983348699992311381e+01
1.985092458232792723e+01
1.985923335451682803e+01
1.987466862107860877e+01
1.992679043438744557e+01
2.000495377424432775e+01
2.007101442611390141e+01
2.010546547298796227e+01
2.011451074464437738e+01
2.012784927417566294e+01
2.014331322012179726e+01
2.019364570856607344e+01
2.025854778593986794e+01
2.031988254566174490e+01
2.037161526903274478e+01
2.041608195588705499e+01
2.044716661818448955e+01
2.045451007765475637e+01
2.046401431736859422e+01
2.052726892711463691e+01
2.060558636047363379e+01
2.070178572488281787e+01
2.077992109421699496e+01
2.083112259823639434e+01
2.088487004214803733e+01
2.096856673756655454e+01
2.109589395621409125e+01
2.112465537496654022e+01
2.114631959074842271e+01
2.117117573254329699e+01
2.122346888105473539e+01
2.130762751769993457e+01
2.138753978877012685e+01
2.143030287782567811e+01
2.145109361158199590e+01
2.148263458895013045e+01
2.154319078847375124e+01
2.161840622743969220e+01
2.167730556626106875e+01
2.170401362045084070e+01
2.171518584648013217e+01
2.174450967792527933e+01
2.180905661202518431e+01
2.186745663191950584e+01
2.196761224351721964e+01
2.200363575391154214e+01
2.205615742736900842e+01
2.219350591954248841e+01
2.234114514749873592e+01
2.239521913425542721e+01
2.239386826909365880e+01
2.241122385240892001e+01
2.247864356368226524e+01
2.262013494388437707e+01
