2.384610882820353694e+01
2.369435591883978631e+01
2.355791875174992001e+01
2.344704909497609435e+01
2.334660047419924211e+01
2.321487599802912882e+01
2.308095343176667669e+01
2.292046449262323904e+01
2.276032595573533968e+01
2.266077483667901404e+01
2.249355956952263824e+01
2.238992569398232035e+01
2.226721494050511296e+01
2.215097710477755300e+01
2.198149937196727066e+01
2.173692570498363708e+01
2.160044874538743542e+01
2.148954591557516380e+01
2.137098980925986424e+01
2.121520169355828855e+01
2.108362458873251555e+01
2.096482023922614246e+01
2.073487654393219159e+01
2.060775580050533407e+01
2.036856158363764635e+01
