8.888743543943897748e+03
8.926644921658293242e+03
8.960030939516545914e+03
8.986705421493397807e+03
9.010536412214598386e+03
9.041324162073655316e+03
9.072111084351499812e+03
9.108356514466811859e+03
9.143854695919144433e+03
9.165601780090308239e+03
9.201602568533531667e+03
9.223595487992171911e+03
9.249333917674723125e+03
9.273422125925673754e+03
9.308053619208232703e+03
9.357057073283491263e+03
9.383927180584489179e+03
9.405522619994335400e+03
9.428378356398994583e+03
9.458062291588175867e+03
9.482834209478582125e+03
9.504974051278080879e+03
9.547235535205612905e+03
9.570277523758608368e+03
9.613040796210032568e+03
