2.000000036825288419e+01
2.000441706524885888e+01
2.000894929254838672e+01
2.001359788989216071e+01
2.001836187862726746e+01
2.002324023587289759e+01
2.002823180722810292e+01
2.003333531488215158e+01
2.003854935110272351e+01
2.004387237693178747e+01
2.004930273355238057e+01
2.005483861902516907e+01
2.006047809998521814e+01
2.006621911151089677e+01
2.007205946770029215e+01
2.007799683591797901e+01
2.008402875396973286e+01
2.009015265286813445e+01
2.009636580881593204e+01
2.010266546264762866e+01
2.010904719640276994e+01
