1.331202802275870999e+04
1.324909946210203270e+04
1.319256593471133601e+04
1.314665543089625862e+04
1.310508162640386035e+04
1.305059282465635442e+04
1.299522752557928106e+04
1.292892064738940644e+04
1.286280107244217106e+04
1.282171783528312517e+04
1.275274421943651578e+04
1.271001721863396961e+04
1.265944433565698819e+04
1.261155776458961554e+04
1.254176909773258922e+04
1.244111889093129503e+04
1.238498430391078364e+04
1.233938390784887451e+04
1.229065132169014032e+04
1.222663673924312570e+04
1.217258967923115051e+04
1.212380367363502046e+04
1.202941677785716274e+04
1.197725694567496248e+04
1.187914920089326188e+04
