1.566682687857725220e+01
1.567763735142798431e+01
1.569197545536964711e+01
1.570574584983807753e+01
1.572611563434776727e+01
1.573966259662895517e+01
1.575351457770022101e+01
1.577652062113109110e+01
1.579225774483307809e+01
1.581790632102171301e+01
1.583638484524682966e+01
1.585720153235906871e+01
1.587674367291178790e+01
1.592363890647193614e+01
1.595265887664897875e+01
1.598219418936461267e+01
1.600913016759509944e+01
1.603624494629763930e+01
1.606272085556669893e+01
1.609689308735956459e+01
1.612427268808605874e+01
1.615275983691750028e+01
1.618742189326103897e+01
1.622538114378216179e+01
1.626332195913036571e+01
1.630293276210877096e+01
1.635533561635388367e+01
1.639962588315596292e+01
