3.481375068669760822e+02
3.480873140074889420e+02
3.480619542171435796e+02
3.480745243144893379e+02
3.481093957509182246e+02
3.481734685204693847e+02
3.482569620020317984e+02
3.483469671208391674e+02
3.484723931056336710e+02
3.486334712417070705e+02
3.488013225117909428e+02
3.491543282069937959e+02
3.493759959777181052e+02
3.496232894514355394e+02
3.499452095169542076e+02
3.502179493394732503e+02
3.507229926240269151e+02
3.510525268499691833e+02
3.514980770632845406e+02
3.518533313602080739e+02
