1.013200710849755342e+04
1.014007705160154001e+04
1.014688069842639561e+04
1.015211136849162540e+04
1.015663024081598451e+04
1.016225279763064100e+04
1.016763228315848392e+04
1.017365418398642942e+04
1.017922552740735409e+04
1.018247910484486783e+04
1.018759868092303623e+04
1.019056272847058426e+04
1.019387406563241348e+04
1.019681921079987296e+04
1.020079268449217307e+04
1.020588958176202505e+04
1.020842290755764952e+04
1.021032469645706078e+04
1.021220715938257490e+04
1.021445195811441772e+04
1.021615224356769249e+04
1.021753862399331774e+04
1.021983581008083092e+04
1.022089521952889299e+04
1.022250025398945218e+04
