4.016141325003875551e+00
4.017304454326187546e+00
4.018489583174651436e+00
4.019698921628012123e+00
4.020932997061849257e+00
4.022193040643339046e+00
4.023480157949994584e+00
4.024795324124597506e+00
4.026139919567366832e+00
4.027515089754695410e+00
4.028922160282371934e+00
4.030362599304513793e+00
4.031837819235098763e+00
4.033349486809185258e+00
4.034899099854535542e+00
4.036488439062154931e+00
4.038119336201526188e+00
4.039793550172426251e+00
4.041513228670538638e+00
4.043280166602158054e+00
4.045099539571300973e+00
