1.507094908996535878e+03
1.500673259707760280e+03
1.493375378155285034e+03
1.487317981530712814e+03
1.479600125670214311e+03
1.475098906480025789e+03
1.470912563024325209e+03
1.464720492817045624e+03
1.460938881093756891e+03
1.455422348763177069e+03
1.451869265070260099e+03
1.448226101751297620e+03
1.445109759944045891e+03
1.438640421298997808e+03
1.435238024932742746e+03
1.432172360996006319e+03
1.429684764069290850e+03
1.427445960055378919e+03
1.425492050075778252e+03
1.423276172223587537e+03
1.421726689814234533e+03
1.420308938339291899e+03
1.418828839998827334e+03
1.417489322516598804e+03
1.416417798547052143e+03
1.415558939758672750e+03
1.414792520872075784e+03
1.414442973768917227e+03
