6.475621619121548974e+03
6.486682482308284307e+03
6.499500056008668253e+03
6.510364300468914735e+03
6.524547205444916472e+03
6.533019940718489124e+03
6.541051004029601245e+03
6.553233349238163100e+03
6.560876709481730359e+03
6.572351181036002345e+03
6.579977807331396434e+03
6.588023200747346891e+03
6.595114440566554549e+03
6.610598214981493584e+03
6.619266772826607848e+03
6.627485805054948287e+03
6.634513098470722070e+03
6.641183913952378134e+03
6.647344816906655069e+03
6.654831656842110533e+03
6.660486993237816932e+03
6.666075695986218307e+03
6.672503591970454181e+03
6.679115395030398759e+03
6.685317766221813145e+03
6.691398335040376878e+03
6.698880678178938069e+03
6.704751526102027128e+03
