7.184092322456876900e+00
7.300233059747898601e+00
7.405811386954463060e+00
7.508316945663906949e+00
7.617578660587962958e+00
7.708655708239240845e+00
7.794960826168682466e+00
7.917585734453852275e+00
8.035752766842264805e+00
8.124336617985701281e+00
8.230645995631515888e+00
8.313489330484300055e+00
8.446429423078717136e+00
8.544787470240171601e+00
8.641666062509955282e+00
8.744227312856047263e+00
8.834429193242142375e+00
8.942704766076692735e+00
9.086524434439546383e+00
9.167453033855084144e+00
9.246134733693347485e+00
9.322035496333539228e+00
9.394489716948013935e+00
9.523599489532475815e+00
9.631615975395977358e+00
9.685306579631831170e+00
9.717372420066297423e+00
9.762064211204865671e+00
9.802753801705032188e+00
9.844549465546702294e+00
9.894247129444385891e+00
9.945122035885917811e+00
1.006752093205360055e+01
1.025700927476753499e+01
