6.541493275517753318e+03
6.558805476036145592e+03
6.573852700729248681e+03
6.585738686059321481e+03
6.596255208101649259e+03
6.609698614036703475e+03
6.622980319270962354e+03
6.638410066851699412e+03
6.653304920293176110e+03
6.662323904393192606e+03
6.677077209270197272e+03
6.685981422994134846e+03
6.696297462923183957e+03
6.705849883705099273e+03
6.719410171079985048e+03
6.738248878897310533e+03
6.748405071074977968e+03
6.756478420958410425e+03
6.764936377095447824e+03
6.775788296189149150e+03
6.784729535080015921e+03
6.792632248539717693e+03
6.807485363928167317e+03
6.815455411512140927e+03
6.830007065137249811e+03
