1.999999876315257552e+01
2.002515231172287713e+01
2.005190132173163420e+01
2.007991647520077549e+01
2.010882405173913412e+01
2.013822956457943292e+01
2.016772842251975817e+01
2.019691873895692424e+01
2.022541378838661785e+01
2.025285480447064401e+01
2.027892320072271559e+01
2.030335205113033226e+01
2.032593692427451515e+01
2.034654543118620040e+01
2.036512485446201026e+01
2.038170841875250971e+01
2.039641900371236716e+01
2.040946997821993136e+01
2.042116317567820261e+01
2.043188376140017226e+01
2.044208410659177844e+01
