1.322791931555882456e+03
1.322312201716020354e+03
1.321676152434695041e+03
1.321189575797534872e+03
1.320754791122750930e+03
1.320278041240547054e+03
1.319837088085457708e+03
1.319459984382795938e+03
1.319024484606971555e+03
1.318555289532637971e+03
1.318133714476074374e+03
1.317384095772547425e+03
1.316976206726254759e+03
1.316560927160197707e+03
1.316068173527255112e+03
1.315683798309604754e+03
1.315033395286274072e+03
1.314643125265532490e+03
1.314149454295057922e+03
1.313779304762506854e+03
