5.847942056679074767e+02
5.868009545338145472e+02
5.894804234917883150e+02
5.915448232675067857e+02
5.934002883953095306e+02
5.954466490357062867e+02
5.973504327534541289e+02
5.989870519035393954e+02
6.008869261933966754e+02
6.029456549087377653e+02
6.048060036128480306e+02
6.081388869229386955e+02
6.099659258049113078e+02
6.118359442138728355e+02
6.140678518789212603e+02
6.158187462378515420e+02
6.188013398329295569e+02
6.206031296615911970e+02
6.228954177411993669e+02
6.246238340010982029e+02
