1.361088334150007917e+01
1.360096170225698664e+01
1.359558402843473246e+01
1.358932619737865721e+01
1.358287056738704734e+01
1.357882818562564431e+01
1.357406993519660787e+01
1.356620425652362094e+01
1.356176310359662374e+01
1.355800484971344311e+01
1.355393320093076959e+01
1.355003162960173491e+01
1.354712932839043127e+01
1.354419460929041286e+01
1.354022888084243270e+01
1.353760155070464322e+01
1.353506471498925023e+01
1.353261203788026101e+01
1.353021899957008145e+01
1.352772524511232710e+01
1.352514114658511524e+01
1.352344544384141223e+01
1.352138123541607584e+01
1.351952041544313410e+01
1.351763363599339662e+01
1.351551508676709012e+01
1.351437434283604588e+01
1.351300830064815450e+01
