4.009941990473065232e+01
4.010243999613819454e+01
4.010545250455006538e+01
4.010845815345300736e+01
4.011145614279725180e+01
4.011444582195115771e+01
4.011742658466368994e+01
4.012039784746873750e+01
4.012335910477288081e+01
4.012630985875037481e+01
4.012924968906590095e+01
4.013217818905916090e+01
4.013509501806083790e+01
4.013799988084279846e+01
4.014089252261842233e+01
4.014377275465322725e+01
4.014664041458177479e+01
4.014949540924293103e+01
4.015233768502240963e+01
4.015516724568058748e+01
4.015798415572641744e+01
4.016078851765885105e+01
4.016358050396883783e+01
4.016636032333104112e+01
4.016912824488381517e+01
4.017188459352991003e+01
4.017462972763783569e+01
4.017736408378248569e+01
4.018008812671956775e+01
4.018280238810875460e+01
4.018550744552666032e+01
4.018820391584175411e+01
4.019089248028293326e+01
4.019357383834200448e+01
4.019624877362281268e+01
4.019891807621645796e+01
4.020158260176854981e+01
4.020424322873203948e+01
4.020690087070338592e+01
4.020955656510502507e+01
4.021220976762185728e+01
