2.545781495991183974e+01
2.546247409362894842e+01
2.546732383558228818e+01
2.547094379938246078e+01
2.547494350061466761e+01
2.547691472384880385e+01
2.547847638932868009e+01
2.548024032322542354e+01
2.548095175565062576e+01
2.548140585742727282e+01
2.548127353370945514e+01
2.548073238213206082e+01
2.547989307642853873e+01
2.547677862756663814e+01
2.547419586979668082e+01
2.547113410466726791e+01
2.546800559889770810e+01
2.546456697908363864e+01
2.546095619829327816e+01
2.545596204612438740e+01
2.545171420833164433e+01
2.544708251172285074e+01
2.544117967809121339e+01
2.543440847177529562e+01
2.542734898477165828e+01
2.541969539598712302e+01
2.540916681674320898e+01
2.539994294193326141e+01
