6.091374104172255777e+00
6.091521893256429010e+00
6.091670175377432273e+00
6.091820838247413938e+00
6.091973204205925363e+00
6.092127545716784276e+00
6.092283888865533292e+00
6.092441989543132763e+00
6.092602098551004985e+00
6.092764041512080730e+00
6.092927789517715631e+00
6.093093424814379766e+00
6.093260830088254032e+00
6.093430141794422106e+00
6.093601134627660620e+00
6.093773871460082425e+00
6.093948379390426773e+00
6.094124453118693552e+00
6.094302361986888350e+00
6.094481713136651990e+00
6.094667486861294670e+00
