5.976911839748609054e+03
5.877268726153488387e+03
5.819966857163489294e+03
5.749989025827742807e+03
5.673637037665312164e+03
5.623419792549845624e+03
5.561658147910422485e+03
5.452384095717019591e+03
5.386108446832920890e+03
5.327023969859802492e+03
5.259485300847999497e+03
5.190833150263666539e+03
5.136906141570343607e+03
5.079547648366992689e+03
4.996799490927824991e+03
4.938096188516811708e+03
4.877946126648836071e+03
4.816002829127243785e+03
4.751314665721348319e+03
4.678502561076823440e+03
4.595788723552122974e+03
4.536448382345051868e+03
4.457219344362222728e+03
4.377143399059623334e+03
4.284101185622858793e+03
4.156910518403523383e+03
4.071039745692020006e+03
3.932885619405257330e+03
