1.474337792314500284e+01
1.475359476714006313e+01
1.475940634748116764e+01
1.476644330212635836e+01
1.477404879925492232e+01
1.477901137702759549e+01
1.478507325925882299e+01
1.479569083479047897e+01
1.480206636748520310e+01
1.480771100736432722e+01
1.481411965367650296e+01
1.482058779140121274e+01
1.482563697221936394e+01
1.483097780924260078e+01
1.483863059453284095e+01
1.484402343534349988e+01
1.484951897005261046e+01
1.485514724316512414e+01
1.486099216010117452e+01
1.486753222937647223e+01
1.487491326559679550e+01
1.488017776479537879e+01
1.488716783868675364e+01
1.489418875380437157e+01
1.490229293832590685e+01
1.491328186365151076e+01
1.492064450834127776e+01
1.493239865183769233e+01
