2.273841506424960812e+01
2.258459456099963347e+01
2.240465062289817055e+01
2.225061666233172630e+01
2.204729262546898383e+01
2.192453983049154331e+01
2.180724030826190329e+01
2.162744360363201679e+01
2.151341844548963778e+01
2.134034769378903817e+01
2.122397624258418247e+01
2.109997725493071385e+01
2.098956725520501365e+01
2.074453521959188862e+01
2.060476805409880896e+01
2.047035951034342105e+01
2.035386575314104007e+01
2.024183640354503666e+01
2.013702966609242040e+01
2.000779792308586380e+01
1.990871475419172754e+01
1.980946157697578514e+01
1.969353032288105609e+01
1.957212613332153950e+01
1.945605881860363695e+01
1.934001230323721998e+01
1.919379000682127412e+01
1.907609217889870834e+01
