6.281670425270379383e+03
6.337607648774468544e+03
6.369233406238415228e+03
6.407343701500390125e+03
6.448310146606669150e+03
6.474917643019870411e+03
6.507289125876603975e+03
6.563649433338363451e+03
6.597287884757484790e+03
6.626944162869255706e+03
6.660473000530909303e+03
6.694162528928774009e+03
6.720357539781572996e+03
6.747967713500812351e+03
6.787356441627277491e+03
6.814992127170322419e+03
6.843052290499587798e+03
6.871684882549590839e+03
6.901308030217642226e+03
6.934321152558005451e+03
6.971412514790006753e+03
6.997761048843982280e+03
7.032610332165317232e+03
7.067459471244817905e+03
7.107496402862780087e+03
7.161466194151838863e+03
7.197424420861822910e+03
7.254500553732896151e+03
