2.112807963506455522e+01
2.112939476115214887e+01
2.113132038132319579e+01
2.113331128438861839e+01
2.113644112453257762e+01
2.113861656545480372e+01
2.114090289536105871e+01
2.114481330350107413e+01
2.114755572171968012e+01
2.115212155282435447e+01
2.115547367025303771e+01
2.115930341635155898e+01
2.116294385821759860e+01
2.117182988475985894e+01
2.117741817509664060e+01
2.118316477440633960e+01
2.118845147895723713e+01
2.119381273705608137e+01
2.119908220317239866e+01
2.120592897425106216e+01
2.121144837340116496e+01
2.121721995674115746e+01
2.122427903056938803e+01
2.123205144231409847e+01
2.123985984287451245e+01
2.124805058077914666e+01
2.125894146723457112e+01
2.126819067065558855e+01
