6.688345371948601496e+03
6.685101097322617534e+03
6.681557843189230880e+03
6.678747750184437791e+03
6.675365107669010285e+03
6.673508977065690488e+03
6.671870390301322914e+03
6.669622984043659926e+03
6.668368553710686683e+03
6.666727060348388477e+03
6.665806946997637169e+03
6.664994405141463176e+03
6.664420876808145294e+03
6.663673220938529084e+03
6.663585013955667819e+03
6.663742694016964379e+03
6.664078567243433099e+03
6.664581973504014059e+03
6.665218160330136016e+03
6.666229950952269064e+03
6.667181392249673991e+03
6.668292451559884285e+03
6.669796976340507172e+03
6.671619932690208771e+03
6.673608576682743660e+03
6.675846643252973990e+03
6.679037891311204476e+03
6.681920908166442132e+03
