1.774573731734769666e+01
1.773861347353593132e+01
1.773622537053135062e+01
1.773492114198179692e+01
1.773543721150665675e+01
1.773683695547557448e+01
1.773967037699563321e+01
1.774756458151550476e+01
1.775406878164101698e+01
1.776091446575439292e+01
1.776990850519471721e+01
1.778028657034013094e+01
1.778928482532432653e+01
1.779964887943777896e+01
1.781599695364789682e+01
1.782856383046518545e+01
1.784224919060417136e+01
1.785717498360417110e+01
1.787363907426342280e+01
1.789321179282399399e+01
1.791674226625248068e+01
1.793444746200053075e+01
1.795912783036308014e+01
1.798524654005348467e+01
1.801702899369040622e+01
1.806287643772121143e+01
1.809533811616531906e+01
1.815000908017386294e+01
