2.299265087482783201e+03
2.307455094900252789e+03
2.316801650548899943e+03
2.324595033327828787e+03
2.334578448866796862e+03
2.340432682374619617e+03
2.345901208627548385e+03
2.354037632910675711e+03
2.359038769920967752e+03
2.366385493130734631e+03
2.371154606541521389e+03
2.376080176375530755e+03
2.380326480881603857e+03
2.389261844838885736e+03
2.394044017567497576e+03
2.398417305901518375e+03
2.402022424376777508e+03
2.405321601138758524e+03
2.408254403267187172e+03
2.411659254116244483e+03
2.414106385353386031e+03
2.416410783801983143e+03
2.418910102705515328e+03
2.421297315727075784e+03
2.423350963680522455e+03
2.425171941162775511e+03
2.427121190543115517e+03
2.428397874397689520e+03
