2.748064872436344785e+01
2.742166771175779871e+01
2.734478601966572597e+01
2.728699485159666338e+01
2.723611163195433349e+01
2.718114404631826986e+01
2.713107922157110607e+01
2.708885905011920414e+01
2.704078847209460790e+01
2.698982904670650029e+01
2.694478163991592012e+01
2.686642675356835142e+01
2.682473854079038134e+01
2.678298658004209187e+01
2.673435729303469799e+01
2.669711582415605022e+01
2.663549281897205034e+01
2.659936402976215319e+01
2.655458177052342350e+01
2.652168250824577456e+01
