1.916505034780010774e+01
1.931163411945719943e+01
1.933420682115101030e+01
1.913992971609996019e+01
1.906283181221738943e+01
1.896157890078159269e+01
1.894240230566488492e+01
1.895330510447864825e+01
1.900464969824150785e+01
1.906724660932742310e+01
1.915427843640921779e+01
1.916198446864191496e+01
1.909009007762596610e+01
1.902759183914975338e+01
1.902161648278235972e+01
1.902336318930114700e+01
1.902965940744839202e+01
1.904811196429264086e+01
1.906004477485045001e+01
1.910274646233844820e+01
1.908667141295922676e+01
1.906990817755607992e+01
1.906876147820071665e+01
1.908963708179827634e+01
1.912999018365980675e+01
1.915793470894089978e+01
1.915819321841062717e+01
1.914988271249512408e+01
1.913774104654821073e+01
1.915583390072496073e+01
1.919711926717478434e+01
1.923013423302473512e+01
1.923367693265731759e+01
1.921021295084194946e+01
1.920125903787778299e+01
1.923378574663106733e+01
1.929713645911047948e+01
1.935287330369668624e+01
1.936335181884422951e+01
1.937097726185024271e+01
1.947080549026583896e+01
1.959315501557374617e+01
1.960115266035455051e+01
1.960851387877840679e+01
1.960476729708904386e+01
1.960518626128818909e+01
1.964148415655485991e+01
1.970523353661133115e+01
1.975675865645293072e+01
1.977625097817097455e+01
1.977921022107760152e+01
1.978454261249768464e+01
1.979346964915983875e+01
1.983072648927769777e+01
1.988331228144650353e+01
1.993264253259760821e+01
1.997249047440813996e+01
2.000532535277002211e+01
2.002740043340080334e+01
2.003251508282199111e+01
2.003912377846644688e+01
2.008673348463746322e+01
2.015437382446015135e+01
2.024093826708669752e+01
2.030946349242876536e+01
2.035068967117277694e+01
2.039605566980328177e+01
2.047254918550451208e+01
2.059026821312396294e+01
2.061521024168581206e+01
2.063169777190844201e+01
2.064912619749010858e+01
2.069491613732910551e+01
2.077366192273435885e+01
2.084822861524630255e+01
2.088508022868907332e+01
2.089947242258241644e+01
2.092567916361480584e+01
2.098190670564385840e+01
2.105338313351538915e+01
2.110820297783497423e+01
2.112999153306327216e+01
2.113587590539855299e+01
2.116054421417468134e+01
2.122159124586274004e+01
2.127797440941597529e+01
2.137312967341632586e+01
2.140236795153114713e+01
2.145017159479139224e+01
2.158473367308705093e+01
2.173006214098165501e+01
2.177858867832539858e+01
2.177596527586033659e+01
2.178564374279805449e+01
2.185176786432455032e+01
2.199382644307764423e+01
