1.926525091096288378e+01
1.931497485589430241e+01
1.935830690209272831e+01
1.939261287781078380e+01
1.942302510446091901e+01
1.946198450316868289e+01
1.950056992385726318e+01
1.954551851529169681e+01
1.958903932971896111e+01
1.961545631241884280e+01
1.965877867004421375e+01
1.968499332823966697e+01
1.971543068209336624e+01
1.974368029797971147e+01
1.978389432804414838e+01
1.983999022180427474e+01
1.987034793909165842e+01
1.989454027877326325e+01
1.991994441224215251e+01
1.995263096085567511e+01
1.997964296154625785e+01
2.000358031343682796e+01
2.004873687579462427e+01
2.007306092715582579e+01
2.011764918877389619e+01
