7.015622206465802265e+03
7.010571978498875978e+03
7.004097117119367795e+03
6.998052920828342394e+03
6.989339672943939149e+03
6.983660596695250206e+03
6.977929894102460821e+03
6.968551426588777758e+03
6.962219318357113480e+03
6.952017638768306824e+03
6.944745008050005708e+03
6.936617994398569863e+03
6.929044216125434104e+03
6.911054249045801043e+03
6.900031684672024312e+03
6.888886127862361718e+03
6.878777932167744439e+03
6.868651235834850013e+03
6.858805664371815510e+03
6.846154123414568858e+03
6.836058794416860110e+03
6.825590704463989823e+03
6.812898410925610733e+03
6.799050316040727921e+03
6.785257917137088043e+03
6.770906031740474646e+03
6.751987036903588887e+03
6.736051554965071773e+03
