1.341470223839244136e+04
1.342797480880663898e+04
1.343984034138348215e+04
1.344943782545892100e+04
1.345810032097709700e+04
1.346941467490491232e+04
1.348086750500614107e+04
1.349452879979559111e+04
1.350809492526169561e+04
1.351649703849324578e+04
1.353055840271092529e+04
1.353924191635397801e+04
1.354949425984696609e+04
1.355917718824904659e+04
1.357324724911002158e+04
1.359345659087187960e+04
1.360468736944530610e+04
1.361379020932502317e+04
1.362349873348553410e+04
1.363622199023583198e+04
1.364693870037964916e+04
1.365659285740487758e+04
1.367522062431277664e+04
1.368548723791778684e+04
1.370474718890822442e+04
