6.200073515981526562e+00
6.189834446519095756e+00
6.180421340092161486e+00
6.171756240178322805e+00
6.163768354349668854e+00
6.156479694757192256e+00
6.149811129941063825e+00
6.143681876080978377e+00
6.138129208480449961e+00
6.133092701760002541e+00
6.128467003885076814e+00
6.124299006266936019e+00
6.120565916556304664e+00
6.117136948216526982e+00
6.114047972880348958e+00
6.111329813933708444e+00
6.108840243707208906e+00
6.106576645682124216e+00
6.104625703161854489e+00
6.102862471634139752e+00
6.101223242916536726e+00
6.099833038292385545e+00
6.098619707916408395e+00
6.097451798455903571e+00
6.096456963530184403e+00
6.095646329366390503e+00
6.094836767821527168e+00
6.094112566786149543e+00
6.093579668601119437e+00
6.093041794430767766e+00
6.092501866418182921e+00
6.092146869957934641e+00
6.091810884086202194e+00
6.091395474518076725e+00
6.091140414375054490e+00
6.090944505219466620e+00
6.090608595895365518e+00
6.090413218821907115e+00
6.090283561701087756e+00
6.089921872276284454e+00
6.090986290484013743e+00
