6.114100961498888154e+00
6.116171633189384060e+00
6.118266206160386744e+00
6.120386692070163726e+00
6.122532530366235015e+00
6.124704111799696093e+00
6.126901576109314185e+00
6.129124786772390365e+00
6.131374099523648091e+00
6.133649439192770281e+00
6.135950873003969797e+00
6.138278569525398076e+00
6.140632485608930047e+00
6.143012824441322017e+00
6.145419415508730054e+00
6.147852367176547261e+00
6.150311740464569965e+00
6.152797349984375330e+00
6.155309474424192295e+00
6.157847712351972369e+00
6.160417031687432932e+00
