3.761007872807473177e+04
3.760260082619205787e+04
3.759359407607142202e+04
3.757461665888645075e+04
3.756777877683103725e+04
3.755311206766382384e+04
3.754241472568712925e+04
3.753276009086203703e+04
3.751700408564017562e+04
3.750187875080853701e+04
3.747287663413852715e+04
3.744263396538863162e+04
3.740713017407069856e+04
3.737510366717231955e+04
3.736686283179931343e+04
3.734884822804685246e+04
3.734068204441008129e+04
3.732518902447567962e+04
3.731687777892933082e+04
3.727319055135620147e+04
3.723781356558563130e+04
3.721199728709387273e+04
3.719337411932387477e+04
3.716441531788673456e+04
3.713158236883458449e+04
3.709696282657029224e+04
3.706921841959355515e+04
3.704943282887514943e+04
3.702175323158047831e+04
3.695680634541772451e+04
3.691153245112808509e+04
3.686282627355545992e+04
3.685106869248420844e+04
3.674614865400093549e+04
3.668388706580124563e+04
3.661040934571052640e+04
3.653418985176374554e+04
3.643782579813405755e+04
3.633728117451531580e+04
3.628105193510709069e+04
3.612991394983416831e+04
3.597030494044299121e+04
3.594600141378875560e+04
3.588801706633323192e+04
3.581810430469430139e+04
3.572559804315342626e+04
3.561482229553766956e+04
3.550109679862245684e+04
3.538266710289081675e+04
3.526134387514392438e+04
3.521094156819002819e+04
3.514206837135186652e+04
3.508261980526726256e+04
3.495267110611899261e+04
3.481851620586537319e+04
3.468290800451632822e+04
3.454734496798524196e+04
3.441371259965751233e+04
3.431091481778003072e+04
3.428574570920558472e+04
3.425320027257093170e+04
3.407757289763398148e+04
3.395239442225773382e+04
3.383499376570546156e+04
3.372506951879226108e+04
3.362156242865992681e+04
3.353440808879001997e+04
3.345153872339749796e+04
3.335194641369189776e+04
3.332284448663317016e+04
3.328804745851070038e+04
3.324530448019328469e+04
3.321705108468354592e+04
3.320011271985378698e+04
3.319065384430663835e+04
3.318376860140592180e+04
3.317738891371491627e+04
3.317309376925484685e+04
3.316910310211875913e+04
3.316603081646993087e+04
3.316378166331110697e+04
3.316170597073013778e+04
3.316059575886906532e+04
3.315965435675462504e+04
3.315946784028875845e+04
3.316050770134420600e+04
3.316266020415277308e+04
3.316535999809658097e+04
3.316825708797957486e+04
3.317189942169077403e+04
3.317585169739332923e+04
3.318053744261142856e+04
3.318150270909914252e+04
3.318667163094288117e+04
3.318846634790181270e+04
3.319021225644016522e+04
