4.371159873682121543e+03
4.370951833601510771e+03
4.370794784854463614e+03
4.370686949659354468e+03
4.370603864751209585e+03
4.370515046134459226e+03
4.370447110060094928e+03
4.370393892279018473e+03
4.370369827970380356e+03
4.370368801246560906e+03
4.370390008149160167e+03
4.370417017667626169e+03
4.370462165216419635e+03
4.370517645311449087e+03
4.370619821162560584e+03
4.370809573687592092e+03
4.370936094631702872e+03
4.371049317675887323e+03
4.371180349397111968e+03
4.371367722709068403e+03
4.371538964473058513e+03
4.371703464482469826e+03
4.372047484306053775e+03
4.372251647761756431e+03
4.372661590475150660e+03
