1.597923137533980764e+01
1.598690804315477010e+01
1.599585098543893302e+01
1.600347309674537399e+01
1.601348568630765357e+01
1.601950292654454344e+01
1.602523277167801652e+01
1.603397620245221589e+01
1.603949579664090308e+01
1.604783457688905912e+01
1.605341421512942546e+01
1.605933461426406694e+01
1.606458390741099862e+01
1.607615555637685389e+01
1.608270578560929920e+01
1.608896883353699536e+01
1.609436749228650143e+01
1.609953244061858513e+01
1.610433983910539624e+01
1.611023379852220927e+01
1.611472663525948334e+01
1.611920369662804120e+01
1.612440232848435784e+01
1.612980960340084025e+01
1.613494263561760533e+01
1.614003761882468169e+01
1.614640227942178541e+01
1.615147862631916453e+01
