2.053991958917506011e+01
2.058052603392611957e+01
2.063543986522097740e+01
2.067828390390145898e+01
2.071718500574229793e+01
2.076051563621322060e+01
2.080122570835086293e+01
2.083652687387993296e+01
2.087785570274840552e+01
2.092305995101511940e+01
2.096428020570807860e+01
2.103900015108667532e+01
2.108043022264108401e+01
2.112317538889612933e+01
2.117463923612865528e+01
2.121534871329935612e+01
2.128537062054483187e+01
2.132807861296986474e+01
2.138285177730756104e+01
2.142447349380368848e+01
