6.091793435793276146e+00
6.091983532718272976e+00
6.092174687012881229e+00
6.092368784547455007e+00
6.092565145518376468e+00
6.092764040058991526e+00
6.092965491735751193e+00
6.093169253713567990e+00
6.093375573882633844e+00
6.093584274775585286e+00
6.093795324174486439e+00
6.094008800867952935e+00
6.094224583880661683e+00
6.094442805808956365e+00
6.094663237317327287e+00
6.094885937079481231e+00
6.095110927871640882e+00
6.095337999934253403e+00
6.095567418120585224e+00
6.095798784978853746e+00
6.096037076931289711e+00
