1.400318630479358539e+01
1.401539950702741599e+01
1.402987449137864928e+01
1.404243123119522352e+01
1.405924925796052882e+01
1.406954132897059928e+01
1.407947674429195395e+01
1.409490245357399374e+01
1.410481246861072968e+01
1.412004962027453381e+01
1.413043166094692715e+01
1.414161917237627009e+01
1.415169229704052256e+01
1.417443847954877079e+01
1.418766481015586223e+01
1.420056458729695592e+01
1.421189331058925021e+01
1.422292218844293821e+01
1.423336304046142153e+01
1.424640636297217888e+01
1.425653759705509849e+01
1.426680383079131076e+01
1.427894909185648231e+01
1.429185189909037845e+01
1.430437051451564479e+01
1.431707284087983467e+01
1.433335453468470710e+01
1.434669405216933669e+01
