1.714565668964385850e+03
1.719737609212096913e+03
1.726485574143343911e+03
1.731562959295360997e+03
1.736037199802195119e+03
1.740874766634956359e+03
1.745284834180390362e+03
1.749006992008839234e+03
1.753248560232729915e+03
1.757749482443622583e+03
1.761732266147799237e+03
1.768669538361756167e+03
1.772365831196652380e+03
1.776071781263126013e+03
1.780393538447932542e+03
1.783707393832704156e+03
1.789199302169707153e+03
1.792424433982288065e+03
1.796427914605473461e+03
1.799373493282317440e+03
