2.369814992161687073e+01
2.370120601794853243e+01
2.370511625156164826e+01
2.370799759561390019e+01
2.371049092550185833e+01
2.371313603581305784e+01
2.371549918124576806e+01
2.371745615729085088e+01
2.371964227677586123e+01
2.372190827923505196e+01
2.372386476031757852e+01
2.372715602575007310e+01
2.372884511729516532e+01
2.373049047712812865e+01
2.373234478122366653e+01
2.373371685371438033e+01
2.373588876904498335e+01
2.373710089910003163e+01
2.373853542786196869e+01
2.373953814570809229e+01
