1.995672745176712581e+01
1.995744730254905264e+01
1.995841554451644839e+01
1.995916698172493042e+01
1.995984637148213636e+01
1.996060000965334424e+01
1.996130519649336321e+01
1.996191451841842124e+01
1.996262540914939621e+01
1.996340001431281763e+01
1.996410376526948838e+01
1.996537344397573577e+01
1.996607424621890559e+01
1.996679500137525665e+01
1.996765978560845056e+01
1.996834162550603153e+01
1.996950998762939378e+01
1.997021994809789902e+01
1.997112764862632162e+01
1.997181534608215614e+01
