1.880036914132948368e+03
1.877335492523466655e+03
1.873738687413805565e+03
1.870975395019841471e+03
1.868497549120321082e+03
1.865771053483005062e+03
1.863240376430163451e+03
1.861069305998429627e+03
1.858554145652101397e+03
1.855834852967452662e+03
1.853383057103493684e+03
1.849003391978413447e+03
1.846609423298952606e+03
1.844164141459364146e+03
1.841252205850618566e+03
1.838972791784067340e+03
1.835099793445533351e+03
1.832766098204091122e+03
1.829803553103933837e+03
1.827574485358364655e+03
