1.322056868114598771e+01
1.323583639541027779e+01
1.324490674917528210e+01
1.325625753311490129e+01
1.326897173806688990e+01
1.327751413445479756e+01
1.328820927148525755e+01
1.330762159572107706e+01
1.331968697585061179e+01
1.333062116064935232e+01
1.334331849151955751e+01
1.335643513992923381e+01
1.336688219398241984e+01
1.337812880219530065e+01
1.339459098574607765e+01
1.340643429950411658e+01
1.341870692389396247e+01
1.343148687860504253e+01
1.344498215123562979e+01
1.346034912837401976e+01
1.347802609428550014e+01
1.349084787747378655e+01
1.350814394775554916e+01
1.352582448103670743e+01
1.354661168020033735e+01
1.357543606306956896e+01
1.359515271994735919e+01
1.362728947927639034e+01
