1.999999701039709876e+01
2.000290849925028525e+01
2.000585809660668346e+01
2.000884638054894182e+01
2.001187318793100900e+01
2.001493839312272627e+01
2.001804184773336104e+01
2.002118339554359494e+01
2.002436286310069846e+01
2.002758007695559428e+01
2.003083485171159595e+01
2.003412698595252195e+01
2.003745627607468904e+01
2.004082249932967841e+01
2.004422542730031864e+01
2.004766482203388378e+01
2.005114043788215028e+01
2.005465201487475824e+01
2.005819928102020100e+01
2.006178195523109409e+01
2.006539974513342983e+01
2.006905234601249077e+01
2.007273944643353758e+01
2.007646072837107809e+01
2.008021585722640978e+01
2.008400448566185759e+01
2.008782625828645862e+01
2.009168080940133549e+01
2.009556776307666226e+01
2.009948672781450796e+01
2.010343730529113415e+01
2.010741908396586197e+01
2.011143164848555287e+01
2.011547456431646097e+01
2.011954738906434059e+01
2.012364966961699153e+01
2.012778094236667670e+01
2.013194073462278411e+01
2.013612855202756791e+01
2.014034393072265416e+01
2.014458574949346215e+01
