1.999999989577965209e+01
2.000329777836408596e+01
2.000663777943245947e+01
2.001002133689441109e+01
2.001344821270727437e+01
2.001691823528802416e+01
2.002043121221940680e+01
2.002398695222054670e+01
2.002758525017854652e+01
2.003122589022887468e+01
2.003490863509527031e+01
2.003863323845045130e+01
2.004239944934909090e+01
2.004620700192256777e+01
2.005005561173231143e+01
2.005394498670731451e+01
2.005787483147974370e+01
2.006184483246376260e+01
2.006585465129086998e+01
2.006990402800671802e+01
2.007399107598332932e+01
