1.675434819048065904e+01
1.678216797169198315e+01
1.679847423169663045e+01
1.681867818776937185e+01
1.684107193161434779e+01
1.685599153674718309e+01
1.687454137131419429e+01
1.690788054367973103e+01
1.692841033160854991e+01
1.694690127466605389e+01
1.696824865745652744e+01
1.699017067931847080e+01
1.700754315404164174e+01
1.702616402109223870e+01
1.705327903402841017e+01
1.707268966142203936e+01
1.709272441761563144e+01
1.711350647726076701e+01
1.713536746896097540e+01
1.716016149224111942e+01
1.718856082239502214e+01
1.720908349213634381e+01
1.723667221143382378e+01
1.726476749751858364e+01
1.729767061063873257e+01
1.734308239309115507e+01
1.737401328867566619e+01
1.742421734520631915e+01
