2.340524370647495900e+01
2.340589850320813170e+01
2.340658191714728886e+01
2.340696132707450872e+01
2.340719431945894868e+01
2.340733391650321238e+01
2.340735434266150605e+01
2.340728837587549549e+01
2.340711583241636973e+01
2.340681355213286352e+01
2.340643824153257668e+01
2.340552623872710925e+01
2.340489728024560634e+01
2.340415999856273288e+01
2.340315737236607063e+01
2.340227827395098714e+01
2.340059545627356385e+01
2.339946688992543145e+01
2.339791055057512992e+01
2.339664859806014263e+01
