1.377549390775099702e+01
1.376568803067563351e+01
1.375969299788319233e+01
1.375203591951935422e+01
1.374327739750435740e+01
1.373729595768458722e+01
1.372970780845143679e+01
1.371568198173924102e+01
1.370681763995180802e+01
1.369869694723357689e+01
1.368917078947229271e+01
1.367923013419501110e+01
1.367124535788828155e+01
1.366258724151587778e+01
1.364980571089303929e+01
1.364053630590216493e+01
1.363086996224638980e+01
1.362074201682874097e+01
1.360998259141904221e+01
1.359765506538388280e+01
1.358338110792660558e+01
1.357296905327657655e+01
1.355885037998519138e+01
1.354433609755326451e+01
1.352717274848303219e+01
1.350321006107185617e+01
1.348671776356395569e+01
1.345967465747216707e+01
