1.534877666893738102e+01
1.534426083261534224e+01
1.534321339826398400e+01
1.534339627477076995e+01
1.534535432145543510e+01
1.534760371770009613e+01
1.535137856831441105e+01
1.536067012047838887e+01
1.536786198737747355e+01
1.537522319785516878e+01
1.538469767689603351e+01
1.539544901914759478e+01
1.540466168442451078e+01
1.541517992046109775e+01
1.543162038154047089e+01
1.544416253873597178e+01
1.545774725041944286e+01
1.547249187074311649e+01
1.548868509617013522e+01
1.550785598883198091e+01
1.553080929188664960e+01
1.554802367512289507e+01
1.557195177770947581e+01
1.559720079848911922e+01
1.562783914777052807e+01
1.567189905326677213e+01
1.570301341864701783e+01
1.575528907727602324e+01
