5.066845924724037104e+03
5.109474130718183005e+03
5.133575256624081703e+03
5.162618084744824955e+03
5.193837523575493833e+03
5.214114398153840739e+03
5.238783864897836793e+03
5.281734616761817051e+03
5.307369636958316732e+03
5.329969951989427500e+03
5.355521459169812260e+03
5.381195435980145703e+03
5.401158029503128091e+03
5.422199092236704018e+03
5.452216326705946813e+03
5.473276849636121369e+03
5.494660865059287062e+03
5.516481123448264952e+03
5.539056270629637766e+03
5.564214852888440873e+03
5.592481385840981602e+03
5.612561047696563037e+03
5.639118961706999471e+03
5.665676777754233626e+03
5.696188119141711468e+03
5.737317438006803059e+03
5.764720512879801390e+03
5.808217165131569345e+03
