1.005587625139827651e+04
1.008337656178076941e+04
1.010744395459742555e+04
1.012656764004121032e+04
1.014357349760729267e+04
1.016543298700330706e+04
1.018716705118586651e+04
1.021259454366023056e+04
1.023733007167902360e+04
1.025240167913841105e+04
1.027721472609548800e+04
1.029228901571551251e+04
1.030984959481394799e+04
1.032620519371932642e+04
1.034958555566217547e+04
1.038239860922594562e+04
1.040025665437146563e+04
1.041454013563702392e+04
1.042959022388060112e+04
1.044903374879367584e+04
1.046517088069211241e+04
1.047952492792481462e+04
1.050674509821787797e+04
1.052148697627727597e+04
1.054866062677463015e+04
