1.397471302127035564e+01
1.398004471532690296e+01
1.398443976972540703e+01
1.399106099798055958e+01
1.399979356367589034e+01
1.400636174727657668e+01
1.401530470917195537e+01
1.403336825488033668e+01
1.404565887838814042e+01
1.405743043977791196e+01
1.407179546367338752e+01
1.408735847426763321e+01
1.410024153675569281e+01
1.411456133895400278e+01
1.413630588502617869e+01
1.415248577184920187e+01
1.416969347343716557e+01
1.418806164743159037e+01
1.420792580911112957e+01
1.423109429348217070e+01
1.425842153184604122e+01
1.427866749020165749e+01
1.430650886665626587e+01
1.433556138892443954e+01
1.437043396330108003e+01
1.441997234097197911e+01
1.445459069946035768e+01
1.451218825143071278e+01
