3.975321966875886570e+00
3.975399809582014221e+00
3.975481010558199024e+00
3.975563583306841231e+00
3.975646911065375821e+00
3.975731757183180282e+00
3.975814664559323752e+00
3.975896860344850570e+00
3.975977042789207161e+00
3.976052414147670078e+00
3.976124732983064902e+00
3.976190463597211178e+00
3.976248683392935135e+00
3.976299987336808783e+00
3.976339739033191378e+00
3.976369283292979784e+00
3.976386023996067109e+00
3.976386916690438422e+00
3.976373767491867550e+00
3.976338108872981447e+00
3.976323151616888651e+00
