2.007705688104914543e+01
2.006830653899467265e+01
2.006055509462095188e+01
2.005369546616406495e+01
2.004762800454157912e+01
2.004226515276778287e+01
2.003752965632396865e+01
2.003335358325234594e+01
2.002967726949308513e+01
2.002644848134921318e+01
2.002362163526282046e+01
2.002115716223166686e+01
2.001902094020469036e+01
2.001718380151694276e+01
2.001562111970996227e+01
2.001431247625894372e+01
2.001324139677902991e+01
2.001239510294435320e+01
2.001176439399645801e+01
2.001134349494988385e+01
2.001112984908897374e+01
