2.539153005195855712e+03
2.536801746062923030e+03
2.536274722059583837e+03
2.536409649209988402e+03
2.537493288453896639e+03
2.538718052057599834e+03
2.540761325992644743e+03
2.545767778494708182e+03
2.549633062680279636e+03
2.553584665522382238e+03
2.558666136510692013e+03
2.564428144742724271e+03
2.569362894994312228e+03
2.574994713125161525e+03
2.583793785203379230e+03
2.590504079007635482e+03
2.597770317599882674e+03
2.605655178891450760e+03
2.614312906613869927e+03
2.624560624491770341e+03
2.636827818485687658e+03
2.646026451724650087e+03
2.658810864616588333e+03
2.672299131366320580e+03
2.688664215111941758e+03
2.712194705709034679e+03
2.728809424275831134e+03
2.756720751030600240e+03
