1.406680900472738571e+01
1.407774960336118575e+01
1.408747462750185875e+01
1.409530377185198091e+01
1.410234275449376007e+01
1.411149863061681842e+01
1.412072423754517025e+01
1.413167523409545723e+01
1.414249448782700291e+01
1.414916860260765930e+01
1.416029390456922066e+01
1.416713746390145978e+01
1.417519188876844183e+01
1.418277423261501546e+01
1.419375044145453657e+01
1.420943313684117193e+01
1.421810776078050331e+01
1.422511820436225705e+01
1.423257531200503578e+01
1.424231787468570154e+01
1.425049811419126122e+01
1.425784756694858935e+01
1.427197711049825912e+01
1.427973649862160954e+01
1.429424105031018932e+01
