1.710613073273480822e+01
1.710356350828946859e+01
1.710015423488799158e+01
1.709754186051249647e+01
1.709520438219071181e+01
1.709263782808477217e+01
1.709026073501247112e+01
1.708822534828126294e+01
1.708587189344098078e+01
1.708333286957704189e+01
1.708104843922345850e+01
1.707697909438902073e+01
1.707476088064364461e+01
1.707249957826505948e+01
1.706981259037430831e+01
1.706771369155014995e+01
1.706415629864295269e+01
1.706201815786720388e+01
1.705930967424695410e+01
1.705727604035957157e+01
