2.151389045054968108e+01
2.152448804349477385e+01
2.153351307521733560e+01
2.154051511212414738e+01
2.154661392702644918e+01
2.155427401554181444e+01
2.156168688686579316e+01
2.157009744805043638e+01
2.157800270916615304e+01
2.158268341626769526e+01
2.159016101826970413e+01
2.159456283263056875e+01
2.159955414328871370e+01
2.160406895866074350e+01
2.161029474778389314e+01
2.161856981315952098e+01
2.162284142329527725e+01
2.162613800627519822e+01
2.162949446796129394e+01
2.163365025643704698e+01
2.163694239179404022e+01
2.163974924016798340e+01
2.164475199567024433e+01
2.164728329571062915e+01
2.165161390769758043e+01
