2.370102732616849244e+04
2.370693203401422943e+04
2.371369578546459161e+04
2.372658108197717957e+04
2.373086360949320806e+04
2.373903528903606639e+04
2.374425266188732712e+04
2.374861148406002030e+04
2.375526990147942706e+04
2.376127545867449953e+04
2.377192929241604361e+04
2.378246255995345564e+04
2.379621822924367370e+04
2.381067635540698757e+04
2.381435512622559327e+04
2.382223733649574933e+04
2.382583436624369642e+04
2.383290915962405415e+04
2.383687947807949968e+04
2.385871396405971245e+04
2.387638709899292007e+04
2.388853612153695940e+04
2.389670576643897584e+04
2.390871849991969793e+04
2.392154975946749983e+04
2.393422751340644027e+04
2.394388924718324779e+04
2.395052631751273293e+04
2.395936419863604169e+04
2.397770233847677810e+04
2.398890357917713482e+04
2.399996648059278596e+04
2.400249595463112928e+04
2.402276450054681118e+04
2.403341349628787066e+04
2.404536072965948188e+04
2.405714716181237964e+04
2.407126129868358839e+04
2.408515479066472108e+04
2.409257471500149768e+04
2.411144661793907653e+04
2.412991683915426984e+04
2.413262126017312403e+04
2.413895397482535191e+04
2.414637447438990785e+04
2.415586890676531766e+04
2.416677805435228220e+04
2.417749878598439682e+04
2.418818900382906941e+04
2.419868333481051377e+04
2.420291834226534411e+04
2.420859004322206965e+04
2.421338341999879776e+04
2.422356541575396113e+04
2.423369103038579124e+04
2.424362088175942336e+04
2.425340969861709527e+04
2.426310846170354489e+04
2.427075253794196760e+04
2.427266068652781178e+04
2.427515101681216038e+04
2.428904845473348541e+04
2.429954672471088634e+04
2.430990288150803099e+04
2.432012489392319549e+04
2.433021093474619920e+04
2.433909259641971948e+04
2.434787480457591300e+04
2.436053345150196765e+04
2.436514579040550962e+04
2.437095577868040345e+04
2.437924840257940014e+04
2.438765144325350775e+04
2.439612595048297590e+04
2.440469098647395367e+04
2.441282498335505443e+04
2.442089608828118799e+04
2.442822610096245626e+04
2.443550363925602142e+04
2.444274447927456276e+04
2.444993471978441448e+04
2.445708726024397038e+04
2.446420046703893604e+04
2.447127276110816456e+04
2.447831903224326743e+04
2.448326923898308451e+04
2.449397757999441455e+04
2.450461360837920074e+04
2.451314348597214484e+04
2.452259036101168749e+04
2.453197611570523804e+04
2.454207841386288783e+04
2.454381569933821811e+04
2.455523609551449408e+04
2.455983896646771973e+04
2.456495878809880742e+04
