4.077544942814226943e+03
4.101506607754926335e+03
4.114490547582561703e+03
4.129595915232834159e+03
4.145174145117888656e+03
4.154926254419139696e+03
4.166402447786778794e+03
4.185365377835483741e+03
4.196067259013350849e+03
4.205120243766739804e+03
4.214924251644901233e+03
4.224314394305758469e+03
4.231296381560508962e+03
4.238353234672517829e+03
4.247883483335559504e+03
4.254193074919517130e+03
4.260281515612184194e+03
4.266163794963366854e+03
4.271898352404126854e+03
4.277868302385613788e+03
4.284046519288951458e+03
4.288095121297557853e+03
4.293015840488487811e+03
4.297442170346471357e+03
4.301917178440567113e+03
4.306916828276798697e+03
4.309589738239863436e+03
4.312751583182443937e+03
