3.996166001178861116e+00
3.996347579439297526e+00
3.996789587630871221e+00
3.997300328604176833e+00
3.997596814232700524e+00
3.998114665027534542e+00
3.998734787931324419e+00
3.999127676236968298e+00
3.999703332692296165e+00
4.000435302600116927e+00
4.000925262728819654e+00
4.001559517504174934e+00
4.002391840121895861e+00
4.002967264974492068e+00
4.003661302956744272e+00
4.004580238382501101e+00
4.005199640615189516e+00
4.005971995830067911e+00
4.006936502918342136e+00
4.007414172917723505e+00
4.011009193300417941e+00
