2.417752074146825692e+01
2.418643734643911714e+01
2.419400982592668115e+01
2.419987028029196807e+01
2.420496345424439966e+01
2.421134424399718199e+01
2.421750029716994845e+01
2.422445997754794433e+01
2.423097443034736287e+01
2.423481783747678264e+01
2.424093397211796130e+01
2.424451917294162584e+01
2.424856935003514735e+01
2.425221759195484239e+01
2.425722160627202584e+01
2.426381642633335645e+01
2.426719086544011361e+01
2.426977879815084904e+01
2.427239729431711268e+01
2.427561313384824615e+01
2.427813685057805415e+01
2.428026923877020948e+01
2.428401682195496036e+01
2.428588161172243431e+01
2.428900862443556719e+01
