1.462813669270397732e+01
1.467388823588819058e+01
1.471413707742675570e+01
1.474625967604105270e+01
1.477493165572290579e+01
1.481193674794571535e+01
1.484889932143422087e+01
1.489236211921007502e+01
1.493487307736031866e+01
1.496088908982622634e+01
1.500391123883090039e+01
1.503016556546535121e+01
1.506086421931211738e+01
1.508956832187376129e+01
1.513079149150572889e+01
1.518903231002594723e+01
1.522092285629730313e+01
1.524653026383011145e+01
1.527360982908111531e+01
1.530874527416238173e+01
1.533803702018400372e+01
1.536419367086548249e+01
1.541406292204612782e+01
1.544121984708984385e+01
1.549155824035929641e+01
