1.530429475002110884e+01
1.530566088304022188e+01
1.530838356014141333e+01
1.531170920272805880e+01
1.531755677092539791e+01
1.532191746242725827e+01
1.532668724637121116e+01
1.533517744315796882e+01
1.534132425266094479e+01
1.535182554099062102e+01
1.535970590046126283e+01
1.536885193621488455e+01
1.537766488801575626e+01
1.539956696287185522e+01
1.541356945588147731e+01
1.542811727121731025e+01
1.544161503322583684e+01
1.545540056965625020e+01
1.546903470162581407e+01
1.548686074740194130e+01
1.550131216213243412e+01
1.551649337875535117e+01
1.553514827742762705e+01
1.555578788419156666e+01
1.557661716565218590e+01
1.559855734604830957e+01
1.562785919839583748e+01
1.565284753775094018e+01
