2.491018430226871715e+03
2.482496547509844731e+03
2.471223890790382029e+03
2.462620564353093869e+03
2.454947952784049448e+03
2.446551138283287401e+03
2.438800136481082063e+03
2.432183244448645382e+03
2.424555298039279023e+03
2.416353590349814567e+03
2.408998934428847406e+03
2.395955865491729583e+03
2.388877486077632511e+03
2.381684532534023219e+03
2.373167705299732006e+03
2.366537794871211645e+03
2.355346853912255028e+03
2.348648569813761696e+03
2.340193765448273552e+03
2.333867848307767872e+03
