3.982976377536440626e+00
3.983214372083965227e+00
3.983716547294983368e+00
3.984291888827991901e+00
3.984658365573042094e+00
3.985250183518876721e+00
3.985948618401017551e+00
3.986425192900433068e+00
3.987088489103256084e+00
3.987912026786346154e+00
3.988498637853088002e+00
3.989233176680110571e+00
3.990169020180247106e+00
3.990852428021292919e+00
3.991657372956993743e+00
3.992689445900300615e+00
3.993425536516403085e+00
3.994316202677771432e+00
3.995400031881325198e+00
3.995999708997556521e+00
3.999707088135242117e+00
