1.591880611266900269e+04
1.588486586331868966e+04
1.585487521204730365e+04
1.583085034851510682e+04
1.580933905667313411e+04
1.578148184544598371e+04
1.575355060392819905e+04
1.572057131672614196e+04
1.568817146279353983e+04
1.566827337183154668e+04
1.563525142689991480e+04
1.561502795308683380e+04
1.559131183008696098e+04
1.556906889700865395e+04
1.553701007973343076e+04
1.549148517020400141e+04
1.546644196987971372e+04
1.544627348783597699e+04
1.542488787031571701e+04
1.539705167166156025e+04
1.537376846114499858e+04
1.535291813042095782e+04
1.531301062614672628e+04
1.529119265029281087e+04
1.525058984303842226e+04
