1.273184168911002598e+04
1.276524997130605880e+04
1.279375189808516734e+04
1.281590055849403325e+04
1.283521967459193547e+04
1.285952382915288581e+04
1.288308931653223590e+04
1.290988699845575866e+04
1.293514055289478711e+04
1.295012673543794335e+04
1.297412568237799678e+04
1.298828991532391410e+04
1.300438788222247604e+04
1.301898620878687689e+04
1.303918197628148664e+04
1.306616223756352520e+04
1.308016200725788258e+04
1.309100575787504022e+04
1.310208643965483679e+04
1.311586971590645953e+04
1.312684643082916591e+04
1.313625203086746114e+04
1.315314495393420111e+04
1.316176881495857742e+04
1.317667662892292537e+04
