1.966416235549077385e+01
1.982170623135689169e+01
1.985274414960062472e+01
1.966794955791966260e+01
1.959359054332911754e+01
1.949875310432724618e+01
1.948484915800072770e+01
1.950084533441562584e+01
1.956086895872606846e+01
1.963175095004269721e+01
1.973302940524913041e+01
1.975310271658662842e+01
1.969536636080202285e+01
1.964797640809690904e+01
1.964621439144432813e+01
1.965754995541264805e+01
1.966840733371929772e+01
1.969600492036305184e+01
1.971313380318494879e+01
1.978479188207694861e+01
1.979157934236220839e+01
1.979072606692391645e+01
1.980053994526682004e+01
1.983780402125332643e+01
1.989571087525003890e+01
1.994033920147722938e+01
1.995261882606149584e+01
1.995229497998881030e+01
1.995065163158794874e+01
1.999101433926673010e+01
2.004621424147531528e+01
2.009242340407442029e+01
2.009882815696602876e+01
2.009618100117747730e+01
2.009765531953258133e+01
2.014246425170728472e+01
2.021828721690880570e+01
2.028794389738066783e+01
2.031041426031813657e+01
2.032422186722854107e+01
2.044089775264485453e+01
2.057921082044736139e+01
2.058919583414876442e+01
2.060081595343966399e+01
2.060154085777317690e+01
2.060747191094030129e+01
2.065057641111648223e+01
2.072134740722743373e+01
2.077921242206015862e+01
2.080370599749577210e+01
2.080841436153476920e+01
2.081598951884245352e+01
2.082680997246674792e+01
2.086826020921015612e+01
2.092510120023750275e+01
2.097824218890844961e+01
2.102121974271396354e+01
2.105651748128845568e+01
2.108014064661182019e+01
2.108559908521981896e+01
2.109263828985336886e+01
2.114261675357268189e+01
2.121242983930796200e+01
2.130115068494615471e+01
2.137092044166034199e+01
2.141238692745791994e+01
2.145793643872455192e+01
2.153504075467034795e+01
2.165289901452943155e+01
2.167714000734455837e+01
2.169211405240623236e+01
2.170671422463094657e+01
2.174967717368273767e+01
2.182563881939595873e+01
2.189661185346534822e+01
2.192874114132011698e+01
2.193767897282151225e+01
2.195919588374427889e+01
2.201143344898102683e+01
2.207917031488180726e+01
2.212965514132430300e+01
2.214613453227786266e+01
2.214623970345681059e+01
2.216557069187950901e+01
2.222213229335886808e+01
2.227560924718591551e+01
2.236349894517712045e+01
2.238360066200834808e+01
2.242468867590071468e+01
2.255385252375872795e+01
2.269388068300372652e+01
2.273364950417096253e+01
2.272922914445694431e+01
2.272779077318343255e+01
2.279106514416118401e+01
2.293166674441782860e+01
