1.743508339685299902e+01
1.758645963403048285e+01
1.762696774813819189e+01
1.748699462649697978e+01
1.742873162933070219e+01
1.735900160227898326e+01
1.735563618029270572e+01
1.737718012499862041e+01
1.744147977916293257e+01
1.751424732382824700e+01
1.762173135469817709e+01
1.765735758147468459e+01
1.762944659064886466e+01
1.761153840319759567e+01
1.761628222928725052e+01
1.764021526634995141e+01
1.765631501098744849e+01
1.769373484838991928e+01
1.771635677890312266e+01
1.782425009184002462e+01
1.786960608072571688e+01
1.789741763628223126e+01
1.792571241841893226e+01
1.798751889599269660e+01
1.806946439281791328e+01
1.813928515753114823e+01
1.817347358150442815e+01
1.818942472587791670e+01
1.820988998551660032e+01
1.829221653051239826e+01
1.837044131526429780e+01
1.844110835732336184e+01
1.845368583482577662e+01
1.850789937770325366e+01
1.853965169616600406e+01
1.861380980265921536e+01
1.871522564829084700e+01
1.881829202591187666e+01
1.887938933011114528e+01
1.891383459990205296e+01
1.907415097317074526e+01
1.925300649048181967e+01
1.927014551206426773e+01
1.929992854671022684e+01
1.932351737743980635e+01
1.935823645247111457e+01
1.943038121713397359e+01
1.952658305665750405e+01
1.961151896984137366e+01
1.966654459496744423e+01
1.968421700023452559e+01
1.970903425597325764e+01
1.973392542856314336e+01
1.980314328300814353e+01
1.988594442650451199e+01
1.996513866548843197e+01
2.003517913688915186e+01
2.009822485994478569e+01
2.014411350400214218e+01
2.015516494115873769e+01
2.016950819703001585e+01
2.025918993773779064e+01
2.035577060077307721e+01
2.046890623713849067e+01
2.056467878113232572e+01
2.063478736555121884e+01
2.070475142217615172e+01
2.080281208056750586e+01
2.095056038826144729e+01
2.098780837327166182e+01
2.102122017060775860e+01
2.106358532375828574e+01
2.113245995136191269e+01
2.123206049043200494e+01
2.132822724448628193e+01
2.138869406439932064e+01
2.142836767364817163e+01
2.147616679253508565e+01
2.155104344471506295e+01
2.163959804151595279e+01
2.171277996862675153e+01
2.175565411266822835e+01
2.178380976035511551e+01
2.182886422192324716e+01
2.190688827382570025e+01
2.197398506716141142e+01
2.209461391057478963e+01
2.215491404482245841e+01
2.222537999596933389e+01
2.237767698401863115e+01
2.253952384972247458e+01
2.261539056614465792e+01
2.261843101775451004e+01
2.266311425272481372e+01
2.273783145354468616e+01
2.288346150146124813e+01
