9.071356348375265952e+03
9.078427648468767075e+03
9.086346200794116157e+03
9.101042032146311612e+03
9.105821160296221933e+03
9.114805834380504166e+03
9.120422466566613366e+03
9.125037795588727022e+03
9.131976983401082180e+03
9.138139132460659312e+03
9.148783001809530106e+03
9.159000041862300350e+03
9.172452256005513846e+03
9.186554353468018235e+03
9.190093794345300921e+03
9.197616196549291999e+03
9.201025132070488326e+03
9.207706003003217120e+03
9.211458307846078242e+03
9.232565469070093968e+03
9.249994505634878806e+03
9.261823190950519347e+03
9.269660249454776931e+03
9.281046089082477920e+03
9.293038288788235150e+03
9.304706789734791528e+03
9.313496308174919250e+03
9.319471456273855438e+03
9.327355392678322460e+03
9.343540360130307818e+03
9.353215598787010094e+03
9.362615505593625130e+03
9.364745428486232413e+03
9.381410590897168731e+03
9.389908153698035676e+03
9.399285726935095227e+03
9.408375807667027402e+03
9.419051744257378232e+03
9.429339044607482720e+03
9.434742275616732513e+03
9.448221232624922777e+03
9.461010674218950953e+03
9.462845883671951015e+03
9.467112778756820262e+03
9.472055899981840412e+03
9.478284737616071652e+03
9.485319899172094665e+03
9.492099270515747776e+03
9.498728893340454306e+03
9.505111981289259347e+03
9.507651352371065514e+03
9.511020705915605504e+03
9.513840371843316461e+03
9.519742891269153915e+03
9.525495437611774832e+03
9.531023054210847476e+03
9.536365525948165669e+03
9.541551617153681946e+03
9.545565956252954493e+03
9.546558075721724890e+03
9.547846696846596387e+03
9.554909781744228894e+03
9.560104576616735358e+03
9.565110690469957262e+03
9.569937217259059253e+03
9.574588731573465338e+03
9.578595115038626318e+03
9.582474191301036626e+03
9.587862441839450184e+03
9.589759161337966361e+03
9.592119127255640706e+03
9.595413747310820327e+03
9.598668394693519076e+03
9.601891810149227240e+03
9.605065587532661084e+03
9.608026731637113699e+03
9.610914498976015238e+03
9.613496133105361878e+03
9.616024805882367218e+03
9.618502474827882907e+03
9.620930440850526793e+03
9.623311530260996733e+03
9.625650649072900706e+03
9.627946859131479869e+03
9.630209655076667332e+03
9.631791550915828338e+03
9.635159825362485208e+03
9.638455979696771465e+03
9.641071675385206618e+03
9.643942692736001845e+03
9.646767068479075533e+03
9.649788711325712939e+03
9.650311262453418749e+03
9.653681275659788298e+03
9.655021218191304797e+03
9.656495800538932599e+03
