4.343614566442554725e+00
4.357128569868236490e+00
4.350232129623981869e+00
4.330599448575841670e+00
4.303509517729986023e+00
4.273016541602565610e+00
4.241807320872681863e+00
4.211284091901570825e+00
4.182729815169569321e+00
4.156797732802523626e+00
4.133386413901696699e+00
4.112766749347207984e+00
4.094934578318390805e+00
4.079303197141945780e+00
4.065870153113250396e+00
4.054482630744602467e+00
4.044414437362934933e+00
4.035702168071916063e+00
4.028103744609402348e+00
4.020761593533549672e+00
4.016234376755469349e+00
