1.563416186753851633e+01
1.562708804840056409e+01
1.562028909418827105e+01
1.561447463144074277e+01
1.560899276403340963e+01
1.560150930554381965e+01
1.559357359613873584e+01
1.558365095434467129e+01
1.557332492894648190e+01
1.556670173941887825e+01
1.555524114631283972e+01
1.554793531749004032e+01
1.553909190891622494e+01
1.553052887628424017e+01
1.551773219383484559e+01
1.549864605252629346e+01
1.548769354750258564e+01
1.547864101886937327e+01
1.546881747450664335e+01
1.545568651448547826e+01
1.544440611500895777e+01
1.543407610800720775e+01
1.541370734779254548e+01
1.540224219684419360e+01
1.538029161737256345e+01
