1.511460286022276023e+01
1.511020608916022567e+01
1.510555824400547031e+01
1.510201818025006126e+01
1.509798780477291480e+01
1.509592051495575937e+01
1.509421075211568919e+01
1.509210969794586177e+01
1.509111326329949776e+01
1.509011716919188650e+01
1.508980853796303734e+01
1.508980986627147125e+01
1.509010600692661974e+01
1.509179614256177437e+01
1.509342549350501272e+01
1.509546933809214586e+01
1.509763257488529398e+01
1.510006773200206709e+01
1.510267088014084003e+01
1.510632782542093899e+01
1.510947719254328092e+01
1.511294269132147505e+01
1.511739719123519343e+01
1.512254858106312483e+01
1.512795700783864383e+01
1.513385573382959493e+01
1.514201842259142694e+01
1.514920694507348209e+01
