1.592223200838591310e+03
1.596184691438953678e+03
1.600771124338587697e+03
1.604654830956602382e+03
1.609719288284489267e+03
1.612741527909944125e+03
1.615603859891507000e+03
1.619941081860655913e+03
1.622659266953017777e+03
1.626735171135273049e+03
1.629440919951710612e+03
1.632292145384934884e+03
1.634802436043505622e+03
1.640273803734594139e+03
1.643330475501194542e+03
1.646223917495012529e+03
1.648693885255973782e+03
1.651034947358778027e+03
1.653193710583655502e+03
1.655812409961545654e+03
1.657786836870995785e+03
1.659734658966117649e+03
1.661970531120807664e+03
1.664264986998208997e+03
1.666411911449206855e+03
1.668511032194442350e+03
1.671085518539268833e+03
1.673098115426817458e+03
