1.800302121810846856e+01
1.815077647044680020e+01
1.818294883849741339e+01
1.802057682976773378e+01
1.795475688154505178e+01
1.787236045665109785e+01
1.786255846254941559e+01
1.787970628464651313e+01
1.793858573844429927e+01
1.800713765401973987e+01
1.810664477975312181e+01
1.813213451199287007e+01
1.808893842147203657e+01
1.805599514944296402e+01
1.805718476031104558e+01
1.807383700869992538e+01
1.808675219465427730e+01
1.811806483544581425e+01
1.813727354797341818e+01
1.822464215162337098e+01
1.825088229002982487e+01
1.826490618929119947e+01
1.828414077085817269e+01
1.833342425214036453e+01
1.840270067441453250e+01
1.845972033269882928e+01
1.848345206169616972e+01
1.849188283145185707e+01
1.850220359165861339e+01
1.856449749631132562e+01
1.863115619563903635e+01
1.868991059316692471e+01
1.869960474951510676e+01
1.872867777695119429e+01
1.874707503787103491e+01
1.880749357454906345e+01
1.889627628277352045e+01
1.898349420347863159e+01
1.902742432597516498e+01
1.905266960843122703e+01
1.919189447880081545e+01
1.935066669443107301e+01
1.936453991888378212e+01
1.938629308888194913e+01
1.940003891978714634e+01
1.942227574113049826e+01
1.948114263958796144e+01
1.956510819449066929e+01
1.963734347396203006e+01
1.967879193549234174e+01
1.969080088031125086e+01
1.970805730323806770e+01
1.972668876330270038e+01
1.978317156074368555e+01
1.985371909255091794e+01
1.992067092257172334e+01
1.997819639067092368e+01
2.002854746818321274e+01
2.006432342609581809e+01
2.007284191551915242e+01
2.008387799295859466e+01
2.015533159468633784e+01
2.023888729169890155e+01
2.033961868491499914e+01
2.042262757119336669e+01
2.047933121205059592e+01
2.053762093977527670e+01
2.062485307825345870e+01
2.075691463777478418e+01
2.078786105875781587e+01
2.081271217805174700e+01
2.084228274672143044e+01
2.089850441686536087e+01
2.098568161116313036e+01
2.106875162681096469e+01
2.111549430604519273e+01
2.114083773848984293e+01
2.117606877619784456e+01
2.123936223989062810e+01
2.131681060354635804e+01
2.137838259120070816e+01
2.140868076132128905e+01
2.142385107288938784e+01
2.145656207816940153e+01
2.152337872445948719e+01
2.158296787002011996e+01
2.168645818686943727e+01
2.172768296066772820e+01
2.178361868295397130e+01
2.192231195728327364e+01
2.207093522306024624e+01
2.212923051542426123e+01
2.212892278583675321e+01
2.215235340466529124e+01
2.222040700800303270e+01
2.236065079556640001e+01
