2.071291301408723029e+03
2.070701744378969579e+03
2.070533380186363047e+03
2.070488809376071003e+03
2.070633874732205186e+03
2.070835200503218857e+03
2.071193875477527854e+03
2.072116263697021623e+03
2.072847140607787878e+03
2.073603320586033078e+03
2.074584453903410122e+03
2.075705201009580833e+03
2.076670083966222592e+03
2.077775599134291951e+03
2.079509953730877896e+03
2.080837155457542394e+03
2.082277854202081471e+03
2.083844655836802758e+03
2.085568479556010061e+03
2.087612773529715923e+03
2.090064534277643816e+03
2.091905781726100486e+03
2.094468137057076547e+03
2.097175205253540753e+03
2.100463904493793962e+03
2.105199377097939305e+03
2.108547140423321252e+03
2.114177420338245611e+03
