1.651867113475430233e+04
1.655387576961669401e+04
1.658456153649571570e+04
1.660885995018608082e+04
1.663040388798322965e+04
1.665800741897170519e+04
1.668535143637756846e+04
1.671721185323503596e+04
1.674806771734096401e+04
1.676680081948798761e+04
1.679752828450902962e+04
1.681612554886880025e+04
1.683772224447374538e+04
1.685777033930696052e+04
1.688631562122042669e+04
1.692614725539309075e+04
1.694770964892466145e+04
1.696489629336222788e+04
1.698294712347759923e+04
1.700617756846250995e+04
1.702537956003506770e+04
1.704239935327486455e+04
1.707451548493658629e+04
1.709182030982653669e+04
1.712355139756076460e+04
