1.898318636509729274e+01
1.907284984759347424e+01
1.912340732553986200e+01
1.918420017769784991e+01
1.924938952556376037e+01
1.929164110109845964e+01
1.934295158812840398e+01
1.943203924762504897e+01
1.948506176059479955e+01
1.953171490973176461e+01
1.958435572421118565e+01
1.963713725999927817e+01
1.967809981804443353e+01
1.972120215315943881e+01
1.978256201172737860e+01
1.982552169350024585e+01
1.986906422715841103e+01
1.991341505377975452e+01
1.995921518866065369e+01
2.001015465682769445e+01
2.006725875867951459e+01
2.010774135221974390e+01
2.016117964215836267e+01
2.021449803120159316e+01
2.027560589319344686e+01
2.035772930975393891e+01
2.041228599696476564e+01
2.049862162417013778e+01
