3.353548374368511759e+03
3.390535586133143624e+03
3.411478584132447850e+03
3.436745661245292013e+03
3.463942847163822080e+03
3.481627530316052344e+03
3.503164752860368480e+03
3.540718418256259611e+03
3.563166289853080343e+03
3.582977889034538293e+03
3.605400377345325978e+03
3.627955835024209136e+03
3.645511311523956465e+03
3.664031940744353960e+03
3.690483232463608601e+03
3.709062694805826141e+03
3.727945137553394943e+03
3.747231068030875122e+03
3.767203642030040101e+03
3.789485104201956801e+03
3.814548373693789927e+03
3.832371359699765890e+03
3.855968547545639467e+03
3.879592999869392770e+03
3.906768065213453156e+03
3.943457213748456070e+03
3.967938368035166604e+03
4.006856880704840023e+03
