1.391855956849635234e+01
1.393903623838525441e+01
1.396584911599994960e+01
1.398610004831508213e+01
1.400400254601753680e+01
1.402342216872626679e+01
1.404118594319916546e+01
1.405622576050116024e+01
1.407341925525838811e+01
1.409173130668485818e+01
1.410799614447529216e+01
1.413647220880064204e+01
1.415172542367708886e+01
1.416707868095874545e+01
1.418506373360704842e+01
1.419891662226596196e+01
1.422200188322468506e+01
1.423563791505778653e+01
1.425265253068984173e+01
1.426523704924435521e+01
