1.677235432702583057e+04
1.673005489567123732e+04
1.669341396681035621e+04
1.666455573772062053e+04
1.663908696451571814e+04
1.660662091315343787e+04
1.657464906972383324e+04
1.653764096941235039e+04
1.650205872757984616e+04
1.648058420616420699e+04
1.644557583985202655e+04
1.642452125057411467e+04
1.640020081981704789e+04
1.637775221397783753e+04
1.634600750635646364e+04
1.630215617110500898e+04
1.627864211739434359e+04
1.626001654942593632e+04
1.624056865147868302e+04
1.621571693371988113e+04
1.619532905027350716e+04
1.617737803092491231e+04
1.614382151883331790e+04
1.612591779399905499e+04
1.609342390205338779e+04
