9.611009965716437364e+03
9.596440981469891994e+03
9.584581712145891288e+03
9.575762221418712215e+03
9.568375550929038582e+03
9.559520928520922098e+03
9.551442618004419273e+03
9.542926766367654636e+03
9.535629278089225409e+03
9.531668436731875772e+03
9.525962930602896449e+03
9.522999797613238115e+03
9.520035214235173044e+03
9.517752333568825634e+03
9.515303272337565431e+03
9.513516887033902094e+03
9.513372662443602167e+03
9.513685611610919295e+03
9.514433145054563283e+03
9.516043131752929185e+03
9.517939557214474917e+03
9.520060171817145601e+03
9.525223694904818331e+03
9.528655794548049016e+03
9.536179029867329518e+03
