5.038047457380237574e+03
5.036077282140560783e+03
5.033870554958883986e+03
5.032068323371079714e+03
5.029816482055902270e+03
5.028529372689115917e+03
5.027352000367975961e+03
5.025650123379477918e+03
5.024637283628271689e+03
5.023202102841576561e+03
5.022308536620277664e+03
5.021421718554780455e+03
5.020690433941460469e+03
5.019271826889347722e+03
5.018594253779204337e+03
5.018037009524556197e+03
5.017631544236810441e+03
5.017311807320279513e+03
5.017076971878957011e+03
5.016875859810247675e+03
5.016790021455091846e+03
5.016765502879877204e+03
5.016817310999690562e+03
5.016967822304628498e+03
5.017207359379382979e+03
5.017544034449133505e+03
5.018112682750685963e+03
5.018692687260335333e+03
