1.846104240205487912e+01
1.844036570315320489e+01
1.841823735618665125e+01
1.840111786839744212e+01
1.838119047596718403e+01
1.837068070814424203e+01
1.836174205614420885e+01
1.835020068310598518e+01
1.834427784197414013e+01
1.833743386323408586e+01
1.833433293041479928e+01
1.833240103921550102e+01
1.833190673246480884e+01
1.833510259324739167e+01
1.833969052995426807e+01
1.834608486180733777e+01
1.835325530561029339e+01
1.836162562649930052e+01
1.837080698105203780e+01
1.838398637710696804e+01
1.839552729029931299e+01
1.840837941649184373e+01
1.842508132788793773e+01
1.844459405992760281e+01
1.846525844433108787e+01
1.848796087778069719e+01
1.851960104861436562e+01
1.854763818212141402e+01
