1.736256022607246408e+01
1.750725356718668735e+01
1.754082412563192150e+01
1.738892099865946861e+01
1.732687979303680237e+01
1.724993216169074017e+01
1.724191793664548555e+01
1.725956147473673497e+01
1.731789677958821727e+01
1.738530788713949704e+01
1.748346049143787795e+01
1.751014400082922506e+01
1.747104368963425003e+01
1.744162805262715565e+01
1.744334505917476363e+01
1.746061165295886752e+01
1.747361523937583172e+01
1.750489860943838138e+01
1.752404640114333390e+01
1.761213120307935753e+01
1.764099763387024566e+01
1.765715888402391442e+01
1.767752507292900432e+01
1.772772308556232090e+01
1.779738392531324109e+01
1.785523321621892379e+01
1.788037107881291377e+01
1.789009944613378167e+01
1.790224720353673860e+01
1.796712487908799716e+01
1.803455931973131143e+01
1.809456224517350975e+01
1.810471202049619066e+01
1.813966443312208909e+01
1.816133026861629673e+01
1.822412726979619890e+01
1.831431580711475959e+01
1.840407229340599216e+01
1.845225509395552521e+01
1.847981367624004534e+01
1.862247297459823159e+01
1.878415104291694604e+01
1.879882719226215571e+01
1.882289792837073250e+01
1.883987150368990271e+01
1.886618535162552845e+01
1.892865044996230495e+01
1.901531482866248624e+01
1.909081415607004928e+01
1.913673892200467108e+01
1.915078400410762427e+01
1.917077057297437648e+01
1.919159491902925296e+01
1.925219442373085954e+01
1.932642851150276186e+01
1.939725442413749690e+01
1.945912922902482478e+01
1.951421373632944523e+01
1.955393214568490379e+01
1.956345566995846852e+01
1.957581023529639097e+01
1.965441609880249629e+01
1.974258391606116803e+01
1.984745167616478412e+01
1.993525358142073145e+01
1.999767722991618513e+01
2.006088154292880432e+01
2.015219992925785064e+01
2.029044496339390946e+01
2.032439475472459378e+01
2.035372996583182825e+01
2.039036252451151299e+01
2.045343445494696510e+01
2.054715473382914226e+01
2.063753004507666944e+01
2.069268211886106101e+01
2.072721481979442970e+01
2.077034740009352731e+01
2.084052012549384969e+01
2.092438625987694678e+01
2.099300786886016112e+01
2.103150309665577566e+01
2.105539385368243899e+01
2.109617127912901324e+01
2.116984545675017770e+01
2.123386100463186210e+01
2.134799282187850267e+01
2.140212071665338911e+01
2.146756645037929445e+01
2.161404227418274360e+01
2.177011302584216068e+01
2.184019154979795374e+01
2.184227919664340334e+01
2.188056240768237970e+01
2.195247239838400333e+01
2.209472612053392382e+01
