9.867715998900579507e+03
9.882646492572981515e+03
9.895874893654452535e+03
9.906495607707554882e+03
9.916022922763610040e+03
9.928385623046478941e+03
9.940809056949174192e+03
9.955513432059131446e+03
9.969996709822620687e+03
9.978909645020834432e+03
9.993731382998348636e+03
1.000282710108941319e+04
1.001351146157682524e+04
1.002354947757520495e+04
1.003804662875596659e+04
1.005869216765300007e+04
1.007007848087320417e+04
1.007926337823579524e+04
1.008901705923914960e+04
1.010173496281945881e+04
1.011239184390837727e+04
1.012194990128565405e+04
1.014028251500087390e+04
1.015032643674822066e+04
1.016905757287685446e+04
