6.352013047306528279e+03
6.371014229227468604e+03
6.387564836101056244e+03
6.400662494325752959e+03
6.412269424099518801e+03
6.427132586801907564e+03
6.441846453238527829e+03
6.458978231990038694e+03
6.475556745835231595e+03
6.485615356149603940e+03
6.502103340219432539e+03
6.512075646258280358e+03
6.523649747727159593e+03
6.534387451487330509e+03
6.549665169787370360e+03
6.570960956409368919e+03
6.582477833027495763e+03
6.591651637501619007e+03
6.601280944871286920e+03
6.613664405763684044e+03
6.623892614845893149e+03
6.632952379771090818e+03
6.650032011027025874e+03
6.659225898538556066e+03
6.676067354130671447e+03
