2.061630041246529998e+01
2.077956746873801208e+01
2.080998613124690166e+01
2.061230429206845827e+01
2.053306040372234165e+01
2.043118636477741035e+01
2.041504992956965836e+01
2.043051653087316666e+01
2.049143682983589088e+01
2.056389739014283080e+01
2.066663479475666776e+01
2.068402837988708498e+01
2.061850942357894922e+01
2.056346695317143869e+01
2.056018871822564265e+01
2.056887675819556804e+01
2.057874640775322916e+01
2.060460699203390078e+01
2.062077404125270874e+01
2.068487245458517165e+01
2.068185540593122340e+01
2.067344532637803667e+01
2.067850577323284611e+01
2.070978615175910420e+01
2.076207156250809405e+01
2.080040748920470861e+01
2.080669391961520276e+01
2.080172184639494759e+01
2.079368253424246049e+01
2.082230518749921444e+01
2.087134423460004840e+01
2.091066903411976696e+01
2.091524281911832972e+01
2.089461664873945068e+01
2.088633292229439320e+01
2.092200922032899513e+01
2.099009793610260743e+01
2.104913094421389985e+01
2.105850511422923077e+01
2.106522842654235461e+01
2.116734952344075182e+01
2.129190995535778086e+01
2.129932347398194636e+01
2.130427834300371970e+01
2.129643769687180566e+01
2.129147190391436695e+01
2.132359756626036074e+01
2.138473978577307832e+01
2.143211506742618511e+01
2.144443785672898528e+01
2.144389957953180215e+01
2.144444184407326759e+01
2.144948230131309330e+01
2.147942233670055856e+01
2.152535701359561671e+01
2.156737631858375437e+01
2.159859374351135486e+01
2.162161895825968116e+01
2.163526191590207048e+01
2.163819777085036478e+01
2.164193363834284511e+01
2.167372751438661282e+01
2.173089161010298653e+01
2.180768599632889249e+01
2.186462020506063197e+01
2.189195871686922956e+01
2.192522316656979697e+01
2.199126221620131716e+01
2.209264803296111168e+01
2.210977302587318860e+01
2.211471076370732902e+01
2.211397075550058844e+01
2.214184928340123903e+01
2.220315617455428381e+01
2.225837934779028870e+01
2.227341789357304691e+01
2.226418454017633053e+01
2.226989043474980434e+01
2.230789852663590622e+01
2.236219109756241252e+01
2.239843124081853531e+01
2.239910596059367975e+01
2.238273991670553897e+01
2.238663865715303913e+01
2.242961756809605234e+01
2.247416868981373739e+01
2.254133768560260975e+01
2.253755924772853092e+01
2.256069652667602909e+01
2.267391151228893165e+01
2.279844001682225851e+01
2.281597650963234614e+01
2.280718731873481531e+01
2.277815731715031689e+01
2.283330402944853432e+01
2.296806950047542983e+01
