2.341582288013124113e+01
2.341648425334836148e+01
2.341717597487941305e+01
2.341756142043753641e+01
2.341779956964741771e+01
2.341794456292811333e+01
2.341796973786101077e+01
2.341790764624248666e+01
2.341773936323145122e+01
2.341744141358850584e+01
2.341706976291354891e+01
2.341616372259973033e+01
2.341553771264554129e+01
2.341480321684800714e+01
2.341380361138562449e+01
2.341292665309533660e+01
2.341124702139687130e+01
2.341012010194382498e+01
2.340856555879651779e+01
2.340730474123068205e+01
