2.361716237254720181e+04
2.363154550764385567e+04
2.364779392525419462e+04
2.367839440849237508e+04
2.368846570876986516e+04
2.370764217036763876e+04
2.371984109936272216e+04
2.372999270870706823e+04
2.374545463629579899e+04
2.375939888909937872e+04
2.378414915616902363e+04
2.380864900616707382e+04
2.384111145933398439e+04
2.387557787613381151e+04
2.388436642193352600e+04
2.390324146419427052e+04
2.391187877547781318e+04
2.392892238001876467e+04
2.393853296289357968e+04
2.399235318297794947e+04
2.403674460644750434e+04
2.406743751450108175e+04
2.408815322072127310e+04
2.411873130277546079e+04
2.415152945072927105e+04
2.418405444021458607e+04
2.420893795296395183e+04
2.422607248550803706e+04
2.424895318729235441e+04
2.429684816843708177e+04
2.432634832428954178e+04
2.435565614934736732e+04
2.436238451576631996e+04
2.441662101461025668e+04
2.444534907275473961e+04
2.447772154985788438e+04
2.450980257524586341e+04
2.454841094665801938e+04
2.458662359617029870e+04
2.460712434969967580e+04
2.465957098500898792e+04
2.471127666912135828e+04
2.471886932309836993e+04
2.473668514854745081e+04
2.475762483879280626e+04
2.478450276964973455e+04
2.481552635200960140e+04
2.484615013770258156e+04
2.487683069678052925e+04
2.490708589844884773e+04
2.491933090339475893e+04
2.493576756029507669e+04
2.494969191198242333e+04
2.497935887147909671e+04
2.500899740014856434e+04
2.503819090033864268e+04
2.506709477096647606e+04
2.509585697702737525e+04
2.511860998779871079e+04
2.512430258177483847e+04
2.513173946307261212e+04
2.517337323277325049e+04
2.520498748773927582e+04
2.523631695940046484e+04
2.526738120272946981e+04
2.529816842678016837e+04
2.532539283796645759e+04
2.535241830369627132e+04
2.539165965723570116e+04
2.540602859549627465e+04
2.542417173872870262e+04
2.545017240313677758e+04
2.547672693014478136e+04
2.550372047027472581e+04
2.553111227478140063e+04
2.555720120611610764e+04
2.558314399553404292e+04
2.560676068024555570e+04
2.563025143589875370e+04
2.565366540193368564e+04
2.567696480542665086e+04
2.570017309490451225e+04
2.572329578388631489e+04
2.574631591923154701e+04
2.576927940220895471e+04
2.578543894110335532e+04
2.582041623268330295e+04
2.585520402567750352e+04
2.588313506240434072e+04
2.591409332231896042e+04
2.594487798926612231e+04
2.597799843504138335e+04
2.598367684477302828e+04
2.602134804194126627e+04
2.603662971114098400e+04
2.605378764201915692e+04
