1.885249210583211266e+01
1.874599407313577615e+01
1.868438241117931398e+01
1.860879443340798289e+01
1.852590394810984620e+01
1.847115808475194143e+01
1.840358744053914819e+01
1.828341553963729638e+01
1.821016087084241519e+01
1.814462924382008424e+01
1.806946936903053569e+01
1.799280440824079363e+01
1.793240113716344553e+01
1.786798356678851007e+01
1.777475111089919224e+01
1.770840143198735817e+01
1.764024248333445755e+01
1.756987237587654249e+01
1.749619526325269092e+01
1.741304128494435588e+01
1.731830024306005100e+01
1.725015403011144599e+01
1.715894366334737953e+01
1.706650553565513917e+01
1.695879066905258270e+01
1.681102561351774938e+01
1.671093970792491135e+01
1.654938927547967964e+01
