7.051839158332295483e+03
7.056290209461190898e+03
7.061278637257296396e+03
7.070535277083120491e+03
7.073547372990512486e+03
7.079213167222843367e+03
7.082758592677830165e+03
7.085675207565471283e+03
7.090067434241784213e+03
7.093975190158716032e+03
7.100734280470197518e+03
7.107244635467518492e+03
7.115993441946023268e+03
7.125358316118064977e+03
7.127716726955802187e+03
7.132746212920495964e+03
7.135041619883648309e+03
7.139585379188929437e+03
7.142167768168054863e+03
7.157223207141408238e+03
7.170297549203502967e+03
7.179317213988835647e+03
7.185352846473249883e+03
7.194216635287702047e+03
7.203635970820399052e+03
7.212885761673494017e+03
7.219913575889677304e+03
7.224717085557077553e+03
7.231107273240736504e+03
7.244576374619898161e+03
7.252872846676627887e+03
7.261091330470571847e+03
7.262978934471820139e+03
7.278165757872298855e+03
7.286176052640495072e+03
7.295152627130567453e+03
7.303982758579996698e+03
7.314534368540757896e+03
7.324894881143990460e+03
7.330420026025009065e+03
7.344457272302081947e+03
7.358147933123068469e+03
7.360144766245715800e+03
7.364819473403378652e+03
7.370293436308199489e+03
7.377284939873300573e+03
7.385311346183595560e+03
7.393185352711402629e+03
7.401026024063515251e+03
7.408712106380120531e+03
7.411809340787357542e+03
7.415954878458372150e+03
7.419456196112379075e+03
7.426883964532960817e+03
7.434259050822178324e+03
7.441478440040260466e+03
7.448584825422383801e+03
7.455611296742426021e+03
7.461140818218895220e+03
7.462520030509692333e+03
7.464319099547199585e+03
7.474340400122898245e+03
7.481890199498262518e+03
7.489316400964596141e+03
7.496627773192162749e+03
7.503818051986114369e+03
7.510135437769853525e+03
7.516366439323574923e+03
7.525441752347843249e+03
7.528769677629403304e+03
7.532972478854164365e+03
7.539036164616696624e+03
7.545392837841773144e+03
7.552058465667506425e+03
7.558919713512639646e+03
7.565458222040087094e+03
7.571932524535089215e+03
7.577819243192659997e+03
7.583654840897781469e+03
7.589456663533401297e+03
7.595220154696963618e+03
7.600937610041089101e+03
7.606629717876049654e+03
7.612273577016982017e+03
7.617903238673580745e+03
7.621892358150222208e+03
7.630479668349945314e+03
7.638987427238375858e+03
7.645809216960644335e+03
7.653349820728664781e+03
7.660823791108208752e+03
7.668848960008132053e+03
7.670231978279043688e+03
7.679293161256503481e+03
7.682935220826940167e+03
7.687002846860636964e+03
