1.762717461933418761e+01
1.765156560333312186e+01
1.766673570219325029e+01
1.768634062844851584e+01
1.770902914314762455e+01
1.772466119834024312e+01
1.774463106641193733e+01
1.778189174559215857e+01
1.780563935998398861e+01
1.782751114998252362e+01
1.785329477952240751e+01
1.788033055911820668e+01
1.790213378809782796e+01
1.792585529266613520e+01
1.796101167134817089e+01
1.798660102915627945e+01
1.801336234144694970e+01
1.804147861768823446e+01
1.807142769298737406e+01
1.810583466215787851e+01
1.814578807430719820e+01
1.817500285377209934e+01
1.821470610648248822e+01
1.825561985346630678e+01
1.830411862176912408e+01
1.837202385297991825e+01
1.841887861594619480e+01
1.849589757298325665e+01
