1.773827673809268163e+03
1.774841021035684889e+03
1.775886658873331044e+03
1.776658033290449794e+03
1.777495011365457231e+03
1.777897088575274665e+03
1.778206358940330574e+03
1.778533821192598225e+03
1.778646707284268587e+03
1.778672405729495040e+03
1.778587817109005528e+03
1.778404545306555974e+03
1.778158157141106358e+03
1.777319988182146972e+03
1.776654229727058919e+03
1.775879455792990029e+03
1.775097428096499470e+03
1.774245282709169260e+03
1.773356404082843028e+03
1.772134246242546851e+03
1.771099733654542433e+03
1.769975796635060533e+03
1.768548284536298979e+03
1.766916122857119035e+03
1.765219328630396376e+03
1.763384262634697279e+03
1.760866074425531906e+03
1.758664750003871859e+03
