1.884602400486601326e+01
1.879728550787996255e+01
1.873295362063439029e+01
1.868396337572950472e+01
1.864035301734726602e+01
1.859271405446351011e+01
1.854882149056464513e+01
1.851141457755643671e+01
1.846836526276467083e+01
1.842216658592113276e+01
1.838081842033674462e+01
1.830767704135109497e+01
1.826808559700062062e+01
1.822792789316354600e+01
1.818047763466506339e+01
1.814361499648754261e+01
1.808154399343690955e+01
1.804448389652185369e+01
1.799780555331998855e+01
1.796295473117693575e+01
