1.387954336181495485e+01
1.389530506687188982e+01
1.391342789470186858e+01
1.392866189816326461e+01
1.394836146409395106e+01
1.396002157358994111e+01
1.397099445217346059e+01
1.398748267128751444e+01
1.399772528602987975e+01
1.401294295176131932e+01
1.402294516568239935e+01
1.403339265529430868e+01
1.404250733343088875e+01
1.406207754249142639e+01
1.407281669733075091e+01
1.408284031122009416e+01
1.409127835104335524e+01
1.409916701113102810e+01
1.410634007989669669e+01
1.411490000918382748e+01
1.412124288232896419e+01
1.412739871755643151e+01
1.413432991820935491e+01
1.414127838572805729e+01
1.414761343824096151e+01
1.415363443740708327e+01
1.416075603928875104e+01
1.416609463227055521e+01
