1.648163102975788163e+01
1.635735024988193231e+01
1.621685824504937301e+01
1.610092713413460075e+01
1.595424466996004398e+01
1.586930282597607622e+01
1.579075876251048527e+01
1.567549931098543681e+01
1.560572204330912349e+01
1.550491187960435013e+01
1.544069489658368965e+01
1.537553016774352699e+01
1.532042016761698733e+01
1.520831727017633028e+01
1.515094458541129541e+01
1.510048260075961579e+01
1.506061646374241469e+01
1.502578277404550278e+01
1.499640480206506332e+01
1.496459682785568646e+01
1.494362246131476191e+01
1.492568122848307333e+01
1.490874202480738475e+01
1.489580939150458683e+01
1.488822079631978212e+01
1.488548591733947291e+01
1.488925129182656448e+01
1.489838800787713780e+01
