2.504007170378732283e+01
2.505064221663612756e+01
2.506446222254707479e+01
2.507488322547763104e+01
2.508408314329057376e+01
2.509404878286605012e+01
2.510315149294298465e+01
2.511084812336255112e+01
2.511963495375268351e+01
2.512897885421082478e+01
2.513726500705680067e+01
2.515174084298239165e+01
2.515947755840115363e+01
2.516725220298732069e+01
2.517634245723190034e+01
2.518333103793699479e+01
2.519495042664209095e+01
2.520179723441002295e+01
2.521032224846571879e+01
2.521661397308500696e+01
