1.890941531781450635e+01
1.864951366817413003e+01
1.835522690251144695e+01
1.811194484163812035e+01
1.780345811751847052e+01
1.762441779823196697e+01
1.745856011022236132e+01
1.721456066942867480e+01
1.706643198994074950e+01
1.685175926693203863e+01
1.671452217692930375e+01
1.657478809986181290e+01
1.645617224466398909e+01
1.621325696294806207e+01
1.608779027549893215e+01
1.597652065345481809e+01
1.588779258951783291e+01
1.580944784267150993e+01
1.574254985627104020e+01
1.566886120476492117e+01
1.561916400047889475e+01
1.557549671553145387e+01
1.553249518993069422e+01
1.549704001554131061e+01
1.547265861505019480e+01
1.545794984879790235e+01
1.545378498662786448e+01
1.546259847810237531e+01
