2.125533774745188111e+03
2.131122499183797572e+03
2.137708959995242367e+03
2.143390043475690618e+03
2.150952044522610322e+03
2.155553335827980845e+03
2.159976267814553466e+03
2.166806694621129736e+03
2.171171428569252384e+03
2.177846979260486933e+03
2.182370979971837642e+03
2.187223882103362484e+03
2.191573879467066035e+03
2.201329077361001055e+03
2.206958713562093635e+03
2.212419280587300364e+03
2.217190449228805846e+03
2.221813564114868313e+03
2.226170490432058614e+03
2.231586634524791407e+03
2.235773125716797949e+03
2.239997268877749775e+03
2.244971095657784190e+03
2.250227443137487171e+03
2.255300132948641021e+03
2.260420085528230629e+03
2.266942979757907779e+03
2.272254029646444906e+03
