6.091244769673706649e+00
6.091374990204536211e+00
6.091505468347290453e+00
6.091638092765604640e+00
6.091772186721168936e+00
6.091908023563501473e+00
6.092045630215337404e+00
6.092184763306732975e+00
6.092325674218481701e+00
6.092468188943796825e+00
6.092612278651402313e+00
6.092758025288211421e+00
6.092905310762602333e+00
6.093054270176121889e+00
6.093204676150250521e+00
6.093356588603707102e+00
6.093510030622946161e+00
6.093664791579791462e+00
6.093821133927405320e+00
6.093978655893425689e+00
6.094142327663084835e+00
