2.000000008069691404e+01
2.000200909581400310e+01
2.000404437856396456e+01
2.000610653788137228e+01
2.000819545253292375e+01
2.001031104158575857e+01
2.001245320487739221e+01
2.001462183770642156e+01
2.001681682147279062e+01
2.001903804083147875e+01
2.002128537165911837e+01
2.002355867680305224e+01
2.002585781981406043e+01
2.002818264789201308e+01
2.003053300535287917e+01
2.003290872977638770e+01
2.003530965378912398e+01
2.003773559854268527e+01
2.004018637590817065e+01
2.004266179135688475e+01
2.004516164177098148e+01
2.004768571438301805e+01
2.005023379242766524e+01
2.005280565532816084e+01
2.005540106882434159e+01
2.005801978884873193e+01
2.006066156630224029e+01
2.006332614491385513e+01
2.006601326139364971e+01
2.006872264020493901e+01
2.007145400239753030e+01
2.007420705944035788e+01
2.007698152280829973e+01
2.007977708892828161e+01
2.008259345068704960e+01
2.008543029502984467e+01
2.008828730349758729e+01
2.009116415433731007e+01
2.009406051018349615e+01
2.009697607241271555e+01
2.009990988148194191e+01
