1.323111011779915636e+01
1.322870227644990315e+01
1.322425589092887677e+01
1.321900782841791866e+01
1.320996793037411798e+01
1.320330698520903923e+01
1.319606838026919782e+01
1.318326439221606883e+01
1.317403938109870332e+01
1.315833973523892197e+01
1.314659601671541012e+01
1.313299691229868493e+01
1.311991831745644355e+01
1.308749691992785635e+01
1.306681618567585801e+01
1.304536011040279853e+01
1.302547558164588004e+01
1.300518644917265298e+01
1.298513682643759637e+01
1.295894450494955308e+01
1.293772644488439383e+01
1.291545031780945330e+01
1.288809387985323340e+01
1.285784606621458437e+01
1.282733823846161414e+01
1.279522060720027632e+01
1.275235081057587294e+01
1.271581133783729634e+01
