2.741715870641227681e+01
2.724513585569331298e+01
2.714176095142718381e+01
2.701131974380155754e+01
2.686394710816349019e+01
2.676425780586071212e+01
2.663875544399243367e+01
2.640920295523146422e+01
2.626550784846307351e+01
2.613467709028762442e+01
2.598208236473635679e+01
2.582375376660323951e+01
2.569718134704661949e+01
2.556048917213851368e+01
2.535965393574693039e+01
2.521465315877979663e+01
2.506397261259934695e+01
2.490663205730899321e+01
2.474003573635618025e+01
2.454980634934013040e+01
2.433033245777250642e+01
2.417073216626719656e+01
2.395492866676918098e+01
2.373375968924501933e+01
2.347304235125830729e+01
2.311038579409382265e+01
2.286161552773486960e+01
2.245501248642230507e+01
