3.121165444274638958e+03
3.125319331055105977e+03
3.130230969026091771e+03
3.134481654703092772e+03
3.140160326828166490e+03
3.143627323963744402e+03
3.146968332930106044e+03
3.152144261545555764e+03
3.155462234961248214e+03
3.160552830053238722e+03
3.164013810463532991e+03
3.167736477981805820e+03
3.171082301068584911e+03
3.178616641828185493e+03
3.182984451811475537e+03
3.187235125632621930e+03
3.190960583340382072e+03
3.194580706913009180e+03
3.198001727790442601e+03
3.202267188274957789e+03
3.205574015333206717e+03
3.208919301044465556e+03
3.212869622110012642e+03
3.217057772644596753e+03
3.221112826691438840e+03
3.225218987558433128e+03
3.230469913901210930e+03
3.234761734000926936e+03
