1.741493019698306810e+01
1.743341418973293599e+01
1.744540796116186954e+01
1.746134207042385000e+01
1.748027577172238622e+01
1.749357516569258308e+01
1.751081968390731802e+01
1.754363043503979469e+01
1.756490073428038912e+01
1.758469922173441446e+01
1.760826380373055500e+01
1.763320350777198442e+01
1.765346950247297997e+01
1.767565837441848586e+01
1.770878400053727830e+01
1.773305784083807168e+01
1.775857564070674144e+01
1.778551881418224667e+01
1.781435602651409411e+01
1.784764590506440030e+01
1.788649765706858474e+01
1.791502848278134863e+01
1.795395296270043772e+01
1.799423126413801555e+01
1.804217690951831798e+01
1.810963591310421705e+01
1.815638418651770891e+01
1.823354746288351791e+01
