4.005391140860637478e+01
4.005639131968502653e+01
4.005888475099510515e+01
4.006139303885693437e+01
4.006391581332145080e+01
4.006645273254547135e+01
4.006900340881438893e+01
4.007156740825844565e+01
4.007414431855396941e+01
4.007673368600089248e+01
4.007933508866280903e+01
4.008194807412285599e+01
4.008457221123585867e+01
4.008720706916859911e+01
4.008985221227518991e+01
4.009250722523047017e+01
4.009517167291306095e+01
4.009784514334295835e+01
4.010052721770043860e+01
4.010321748747565351e+01
4.010591555802690777e+01
4.010862102567833176e+01
4.011133350893140204e+01
4.011405261447902149e+01
4.011677796148536856e+01
4.011950917634572278e+01
4.012224587025328049e+01
4.012498768434468843e+01
4.012773423954475049e+01
4.013048517519189318e+01
4.013324012907848726e+01
4.013599873142257479e+01
4.013876063077239564e+01
4.014152544895639352e+01
4.014429284813754606e+01
4.014706245312315502e+01
4.014983391157007020e+01
4.015260685084846415e+01
4.015538089303682767e+01
4.015815573614567313e+01
4.016092953589253511e+01
