2.706448344327375526e+04
2.703049380815157565e+04
2.699260614556407018e+04
2.692241614328633659e+04
2.689967786433550282e+04
2.685665997188474284e+04
2.682955625245416377e+04
2.680721507449614728e+04
2.677354678197824614e+04
2.674351757167473625e+04
2.669125434408288129e+04
2.664069722252737847e+04
2.657297528768428674e+04
2.650105650929155308e+04
2.648298391536595591e+04
2.644445606672397116e+04
2.642689855092893413e+04
2.639225373868264433e+04
2.637264842742310429e+04
2.625998159181204755e+04
2.616416743488358406e+04
2.609827509014449242e+04
2.605421214122320089e+04
2.598965903349407381e+04
2.592121863635188129e+04
2.585423792340807267e+04
2.580350603409855466e+04
2.576889089182016323e+04
2.572297093398356083e+04
2.562681929742302600e+04
2.556792678629803049e+04
2.550989022281270081e+04
2.549660447726953498e+04
2.539030176419509371e+04
2.533467474325767398e+04
2.527259884017887816e+04
2.521183599419025632e+04
2.513960668907098443e+04
2.506910260780633689e+04
2.503168741617363412e+04
2.493719632644872763e+04
2.484583652506669023e+04
2.483257597932315184e+04
2.480159818588190683e+04
2.476544317646809577e+04
2.471945763907552100e+04
2.466692556826659347e+04
2.461567024961678180e+04
2.456491205598746092e+04
2.451541323725743132e+04
2.449554643679343644e+04
2.446902390683273552e+04
2.444668002726125997e+04
2.439947125251906255e+04
2.435286365733712591e+04
2.430746470498892813e+04
2.426302970884217575e+04
2.421930658490104179e+04
2.418506348205809263e+04
2.417654649637230978e+04
2.416544964196887668e+04
2.410389495080431880e+04
2.405783089332513191e+04
2.401276500832057354e+04
2.396865492831740630e+04
2.392549663214787142e+04
2.388779018295922651e+04
2.385077046535239424e+04
2.379739026291820119e+04
2.377789280181209688e+04
2.375334204172676255e+04
2.371817211440931351e+04
2.368172808401731527e+04
2.364409454199907850e+04
2.360570633043448834e+04
2.356926464749649313e+04
2.353333857032524247e+04
2.350079120179656093e+04
2.346866612610063748e+04
2.343685448942047151e+04
2.340536534269158437e+04
2.337425553464858240e+04
2.334338646678979421e+04
2.331288064108455001e+04
2.328256354881221705e+04
2.326114817007043894e+04
2.321521491740243073e+04
2.316988079474636106e+04
2.313363435118165580e+04
2.309364857211120034e+04
2.305407357975789637e+04
2.301167537070751132e+04
2.300439961360557209e+04
2.295620309926975460e+04
2.293667474932149344e+04
2.291463533201874088e+04
