1.794810508397184634e+01
1.810555528192364250e+01
1.814926563102464030e+01
1.800920024116315332e+01
1.795053164863037765e+01
1.788113113479081662e+01
1.787908297170536187e+01
1.790237798768319877e+01
1.797017554285037022e+01
1.804645289633793581e+01
1.815939534141352851e+01
1.819818115455690233e+01
1.817180727574017141e+01
1.815520142290165495e+01
1.816043635399844192e+01
1.818562508698533264e+01
1.820234153687104595e+01
1.824091586718628122e+01
1.826409253411380007e+01
1.837259808665929484e+01
1.841504436636483177e+01
1.843986320315674377e+01
1.846612192421019927e+01
1.852524945009843194e+01
1.860454600084923271e+01
1.867120983485218133e+01
1.870223801484127435e+01
1.871564840253923023e+01
1.873246676801921851e+01
1.880729600501675236e+01
1.888091464963882871e+01
1.894619599331347715e+01
1.895735165646606646e+01
1.899774451111116136e+01
1.902162027273562117e+01
1.908761289854230370e+01
1.918145152216260030e+01
1.927458716792666849e+01
1.932435089868751277e+01
1.935258212150940693e+01
1.949850552088420486e+01
1.966318860636316757e+01
1.967795086191482312e+01
1.970181987546950708e+01
1.971805319295278380e+01
1.974332479085713388e+01
1.980530529010842500e+01
1.989202652441824881e+01
1.996698004098659496e+01
2.001117487854577348e+01
2.002428325358184580e+01
2.004296536913766857e+01
2.006274065120145877e+01
2.012145376492235016e+01
2.019405029038966148e+01
2.026297899195430219e+01
2.032243782928710019e+01
2.037463624892100711e+01
2.041181075003375511e+01
2.042067219906306974e+01
2.043215271059451155e+01
2.050599234514001168e+01
2.059113756865105316e+01
2.069324182356677966e+01
2.077759760904754671e+01
2.083573215620362973e+01
2.089523446300439247e+01
2.098347507587664396e+01
2.111683089295405225e+01
2.114830796917572187e+01
2.117390209266606149e+01
2.120456565888970957e+01
2.126173424642098908e+01
2.134966518127345481e+01
2.143347823690194076e+01
2.148109375564566648e+01
2.150743032827225321e+01
2.154350232689727918e+01
2.160746635267893723e+01
2.168547957367504608e+01
2.174768136206525071e+01
2.177877699521505406e+01
2.179483618111386889e+01
2.182834203300695819e+01
2.189575023241634355e+01
2.195567186353415323e+01
2.205999359213599931e+01
2.210240908694276385e+01
2.215920514818527209e+01
2.229841043894313657e+01
2.244743366965753850e+01
2.250672962208632200e+01
2.250665882497714421e+01
2.253156003208398417e+01
2.259985588916651977e+01
2.273992837210983708e+01
