1.928632421964340438e+01
1.944524105881853870e+01
1.948065620086832439e+01
1.930866007999572531e+01
1.923869110050831566e+01
1.915116589123565305e+01
1.914090803305257182e+01
1.915934147595685388e+01
1.922229170086701444e+01
1.929541462110338301e+01
1.940105453206160036e+01
1.942693274326262909e+01
1.937808929132360092e+01
1.933927189109795464e+01
1.933947480986879341e+01
1.935472625347338749e+01
1.936724432536602336e+01
1.939793667950915079e+01
1.941674876260579907e+01
1.949813402636398507e+01
1.951372806987535924e+01
1.951906335535128534e+01
1.953281717551032060e+01
1.957531412161731055e+01
1.963832898336059074e+01
1.968816187110240179e+01
1.970480887729415898e+01
1.970765459229978234e+01
1.971023912612739792e+01
1.975839081757778715e+01
1.981767278203889404e+01
1.986804256807969793e+01
1.987547599316658875e+01
1.988204780938261251e+01
1.988822722860679804e+01
1.993737210803648807e+01
2.001677810460097007e+01
2.009108853063672484e+01
2.011899266188267177e+01
2.013562964096579933e+01
2.025772835961260654e+01
2.040070878452263159e+01
2.041156960672084608e+01
2.042546283831104859e+01
2.042908095224655440e+01
2.043855761079806754e+01
2.048493427972083225e+01
2.055829049340568915e+01
2.061894190103994617e+01
2.064675688824600286e+01
2.065288563807548528e+01
2.066231374640198126e+01
2.067458993120983024e+01
2.071870447095594869e+01
2.077783037152526546e+01
2.083322335306037587e+01
2.087854921723397084e+01
2.091623375554103248e+01
2.094175813532638486e+01
2.094769244079899551e+01
2.095535071049782161e+01
2.100851585385177600e+01
2.108002995668057977e+01
2.116994510713492161e+01
2.124114851846519869e+01
2.128450166705519919e+01
2.133148562950943017e+01
2.140931029367876803e+01
2.152789299662516243e+01
2.155270481137485916e+01
2.156867452358788384e+01
2.158475798663720369e+01
2.162855856819494704e+01
2.170460630645645139e+01
2.177566119842562387e+01
2.180849078025869403e+01
2.181852463139137654e+01
2.184072973749429991e+01
2.189299656719985165e+01
2.196039863251862201e+01
2.201083299419282824e+01
2.202788546983945039e+01
2.202884605497852633e+01
2.204861046562303883e+01
2.210482039970307611e+01
2.215774843135302419e+01
2.224492039553001987e+01
2.226557338875689496e+01
2.230658653476358566e+01
2.243397771060496027e+01
2.257196040960203121e+01
2.261168445745887823e+01
2.260747865010954172e+01
2.260692133437580509e+01
2.266928550491008920e+01
2.280746825120959898e+01
