6.141414240497438115e+00
6.144433678030938317e+00
6.146967644265284747e+00
6.149012828974475653e+00
6.150571110140272246e+00
6.151730103587285114e+00
6.152486231013237550e+00
6.152830005220232934e+00
6.152863075303754314e+00
6.152594486537670271e+00
6.151986387505992582e+00
6.151145081938406811e+00
6.150108797713866871e+00
6.148807761930507709e+00
6.147330560308053471e+00
6.145759105564652991e+00
6.144003744917998056e+00
6.142107132967990601e+00
6.140196541692310106e+00
6.138189776307381607e+00
6.136060828440306203e+00
6.133965325905336385e+00
6.131863437789699667e+00
6.129654072620445149e+00
6.127486875134334987e+00
6.125395029341058617e+00
6.123218797989497197e+00
6.121057715514957032e+00
6.119030387818082950e+00
6.116957341607855092e+00
6.114852162130831381e+00
6.112906674992728995e+00
6.110965362075652330e+00
6.108937676206612544e+00
6.107062575049248210e+00
6.105243433062654823e+00
6.103287537194423962e+00
6.101470515335268630e+00
6.099718654118539973e+00
6.097741435621349737e+00
6.097148536520104578e+00
