2.039977532478856801e+03
2.047713789856402400e+03
2.056749270923303357e+03
2.064470795907452157e+03
2.074644204463673304e+03
2.080775392621925221e+03
2.086626361286859719e+03
2.095579386493929633e+03
2.101247381034948830e+03
2.109835189868772432e+03
2.115598907090561170e+03
2.121730659283029127e+03
2.127181729329984137e+03
2.139248756697978934e+03
2.146112195257961048e+03
2.152698413328610968e+03
2.158395215043598910e+03
2.163863223877133805e+03
2.168969113434724477e+03
2.175251722133147268e+03
2.180058456242881675e+03
2.184864265875823094e+03
2.190465619056771629e+03
2.196317040214285043e+03
2.201896964013049455e+03
2.207461386823253633e+03
2.214451185366545360e+03
2.220059194442903390e+03
