2.635794673617911940e+03
2.566448787359598100e+03
2.487516952266615590e+03
2.421889167146470754e+03
2.338101170607752920e+03
2.289133738398009427e+03
2.243516238273384715e+03
2.175891110390918584e+03
2.134489512621050380e+03
2.073931526161392867e+03
2.034809315305934661e+03
1.994582558186926462e+03
1.960068191052982911e+03
1.888037065541823267e+03
1.849891391097974292e+03
1.815316778453021925e+03
1.787082598524992136e+03
1.761499051522989248e+03
1.739001608640113091e+03
1.713237905234015216e+03
1.695012270244153115e+03
1.678129039564971208e+03
1.660206659448298296e+03
1.643589367902646245e+03
1.629839992555112531e+03
1.618264896488985869e+03
1.606907586715360367e+03
1.600498681228527630e+03
