2.072457846377322710e+01
2.074276223327535362e+01
2.076694943765203050e+01
2.078551336429972096e+01
2.080214624186814731e+01
2.082043361415896499e+01
2.083739392982773708e+01
2.085193376320500036e+01
2.086876597636144481e+01
2.088694983474598388e+01
2.090333209822793137e+01
2.093256567869686791e+01
2.094852873565733375e+01
2.096482209229195703e+01
2.098420926360582683e+01
2.099937342897182901e+01
2.102511552156492414e+01
2.104061222760412164e+01
2.106026929634968425e+01
2.107504822888978779e+01
