1.358925574430952565e+01
1.358662234005061897e+01
1.358397648015752779e+01
1.358209629194019108e+01
1.358017805669804901e+01
1.357934099433379060e+01
1.357877418431217897e+01
1.357836124148638746e+01
1.357839413011878449e+01
1.357889697745580548e+01
1.357955188176133632e+01
1.358053935871125795e+01
1.358167736062843822e+01
1.358510900805238464e+01
1.358765003714439956e+01
1.359051204357615106e+01
1.359333628522424142e+01
1.359636354923133794e+01
1.359948072776568573e+01
1.360371659618101603e+01
1.360726740089690878e+01
1.361109687393451573e+01
1.361592657614230895e+01
1.362141113476481102e+01
1.362707872002470033e+01
1.363317623861842520e+01
1.364149976765118666e+01
1.364874185242855376e+01
