1.817423931224630707e+01
1.832547832047686853e+01
1.836060397146379231e+01
1.820178771970504883e+01
1.813684695077035514e+01
1.805608878389697125e+01
1.804738930699081934e+01
1.806549331893923949e+01
1.812582900593488233e+01
1.819557612219686149e+01
1.829652516428478037e+01
1.832221956654743877e+01
1.827765244043813198e+01
1.824221683762774404e+01
1.824266231817410500e+01
1.825757713357824130e+01
1.826963414445139122e+01
1.829912538635513997e+01
1.831721871100404186e+01
1.839681770336731859e+01
1.841498463262797713e+01
1.842292399069409825e+01
1.843804030937308625e+01
1.848146345935010970e+01
1.854469968296152160e+01
1.859574654748852041e+01
1.861480299019952511e+01
1.861997078779486614e+01
1.862597632700747852e+01
1.867991246236485736e+01
1.874194994311928752e+01
1.879634209972134684e+01
1.880505241889393631e+01
1.882653087813100257e+01
1.884144153201751237e+01
1.889860060315350410e+01
1.898467021940275856e+01
1.906881641992132614e+01
1.910982336437757212e+01
1.913372926538040630e+01
1.927078265121494027e+01
1.942841893584663993e+01
1.944212644677030255e+01
1.946349276611449142e+01
1.947685384272834597e+01
1.949888400966853652e+01
1.955807071452084855e+01
1.964280948931152082e+01
1.971599776861902242e+01
1.975850027764782624e+01
1.977100973498818703e+01
1.978904418720246383e+01
1.980844379249203513e+01
1.986688106645127760e+01
1.993969941778979305e+01
2.000911114087272935e+01
2.006933225972784030e+01
2.012265749301561613e+01
2.016094452260898251e+01
2.017010680051096827e+01
2.018199280114842864e+01
2.025849479458135960e+01
2.034645105814340837e+01
2.045205356841331934e+01
2.054004373222717206e+01
2.060167163384362965e+01
2.066458883022599835e+01
2.075697937077303479e+01
2.089729835430686222e+01
2.093134729374772718e+01
2.096023141422143254e+01
2.099602386898140338e+01
2.105945577632964216e+01
2.115493530267703903e+01
2.124696950985940447e+01
2.130236515909304984e+01
2.133626733309411350e+01
2.137938510532280745e+01
2.145079936084248828e+01
2.153656932165134918e+01
2.160645681817587871e+01
2.164490317424620969e+01
2.166811793490208515e+01
2.170900393334820677e+01
2.178429466808761816e+01
2.185001194787217216e+01
2.196677540866684097e+01
2.202087963012251848e+01
2.208730170792321701e+01
2.223820768453422403e+01
2.239920047278891246e+01
2.247022403544901437e+01
2.247202967741189994e+01
2.250954378196311012e+01
2.258366848438367924e+01
2.273116145886707429e+01
