1.019929593369280610e+03
1.021345563817070001e+03
1.023201016632741585e+03
1.024603428414373411e+03
1.025843990459197130e+03
1.027190547791581821e+03
1.028423109026041175e+03
1.029467302008345541e+03
1.030661764669902368e+03
1.031934841932754352e+03
1.033066411365095064e+03
1.035049484185051369e+03
1.036112792144621153e+03
1.037183871098529380e+03
1.038439613127332450e+03
1.039407658708976896e+03
1.041022532485387046e+03
1.041977437430211239e+03
1.043170071241261212e+03
1.044053026654682071e+03
