2.347326918360171177e+01
2.347379606920935302e+01
2.347328701400121531e+01
2.347189914024512092e+01
2.346946325331088801e+01
2.346735721469990565e+01
2.346423857244576539e+01
2.345735151568227650e+01
2.345235875282290650e+01
2.344741001492304378e+01
2.344119766992612952e+01
2.343429559274484220e+01
2.342847177635054123e+01
2.342190038448820033e+01
2.341175651521333023e+01
2.340409960484840823e+01
2.339586960442941432e+01
2.338699861430291804e+01
2.337731776517377824e+01
2.336592639583150088e+01
2.335236993545153439e+01
2.334225266117745790e+01
2.332824967308219044e+01
2.331353878649524347e+01
2.329576407958543527e+01
2.327032495752305152e+01
2.325243319145205945e+01
2.322248596615485283e+01
