1.343479380929232502e+04
1.339632685722292445e+04
1.336101461328325968e+04
1.333183977939181204e+04
1.330505268649422760e+04
1.326943668137166242e+04
1.323268384695576060e+04
1.318795638262553257e+04
1.314262221061182572e+04
1.311410196453938443e+04
1.306564046784048514e+04
1.303526945707391860e+04
1.299898839065186803e+04
1.296431272116518448e+04
1.291323840826288870e+04
1.283850682521040289e+04
1.279630456498570129e+04
1.276175796549504958e+04
1.272458488732751175e+04
1.267536926452758416e+04
1.263348717996961022e+04
1.259543107383410461e+04
1.252115237571785474e+04
1.247974951389747366e+04
1.240121922887793517e+04
