1.461677331874036099e+03
1.464853959015723831e+03
1.468992191382742249e+03
1.472100885414955428e+03
1.474836504017749348e+03
1.477790063032122589e+03
1.480478616158941577e+03
1.482744678490703791e+03
1.485323316014277225e+03
1.488055166390074191e+03
1.490468495877478972e+03
1.494662404418754022e+03
1.496891635825318872e+03
1.499122699551735877e+03
1.501719147979161789e+03
1.503705936337577441e+03
1.506990100109094101e+03
1.508913479358226141e+03
1.511295228985014319e+03
1.513043238648110446e+03
