1.224242699894085717e+03
1.221700711614808142e+03
1.220403132509568650e+03
1.218973483556281053e+03
1.217600011066760544e+03
1.216798594505148458e+03
1.215919824347334043e+03
1.214641978111815661e+03
1.214031936821995942e+03
1.213588753671360337e+03
1.213194513726710056e+03
1.212912563181835139e+03
1.212772428406089830e+03
1.212699627025933296e+03
1.212728831191096333e+03
1.212842716544370887e+03
1.213037153593822268e+03
1.213317407273704703e+03
1.213694373694743035e+03
1.214218747289175781e+03
1.214939017278229358e+03
1.215534963036295949e+03
1.216430720745257304e+03
1.217448957604855423e+03
1.218769965224996213e+03
1.220806531885974664e+03
1.222326496072601230e+03
1.225006904110006417e+03
