1.727225070925957340e+01
1.723943670428312913e+01
1.719628068706574453e+01
1.716353838188967984e+01
1.713448232088823175e+01
1.710284156966811864e+01
1.707378270352748828e+01
1.704908976866736836e+01
1.702075579104024783e+01
1.699045031047045740e+01
1.696341732156738047e+01
1.691581293655637452e+01
1.689016172763452417e+01
1.686422957940320799e+01
1.683370194409130960e+01
1.681007265291107799e+01
1.677045981639811245e+01
1.674691571979740701e+01
1.671737789375417194e+01
1.669541095441297784e+01
