1.571616152716052284e+01
1.574927989878828960e+01
1.576918529306146866e+01
1.579430546351701992e+01
1.582268977105899133e+01
1.584189201190537766e+01
1.586606827585970336e+01
1.591029311414525083e+01
1.593797970291532984e+01
1.596318927022922196e+01
1.599259428141830419e+01
1.602310605469029170e+01
1.604749927818800970e+01
1.607384393562484348e+01
1.611255284946032162e+01
1.614050159567860021e+01
1.616954621564079986e+01
1.619987571478101529e+01
1.623199055096476329e+01
1.626866250543174530e+01
1.631097381673014368e+01
1.634174343324185941e+01
1.638334986888508027e+01
1.642599221100799411e+01
1.647626140079835011e+01
1.654618848949700549e+01
1.659415791730450707e+01
1.667256448682349301e+01
