1.436671396277959545e+01
1.436605982940157311e+01
1.436608422572437505e+01
1.436649197470323713e+01
1.436739146942310796e+01
1.436823165659392920e+01
1.436952566696823830e+01
1.437249058389737755e+01
1.437469120239009612e+01
1.437689855557922058e+01
1.437969577330402160e+01
1.438282881716361494e+01
1.438548823479991690e+01
1.438850284053021511e+01
1.439317922787524218e+01
1.439672397823669492e+01
1.440054569883148794e+01
1.440467651243567104e+01
1.440919595394729136e+01
1.441452702018845500e+01
1.442088690844188292e+01
1.442564278828176860e+01
1.443223672735028629e+01
1.443917650830168675e+01
1.444757631239700224e+01
1.445962171820962183e+01
1.446810763854929505e+01
1.448233342818232394e+01
