1.332294623042970670e+04
1.332615236342087883e+04
1.332858362645355919e+04
1.333026162995992672e+04
1.333156202849603505e+04
1.333296436699278820e+04
1.333405361670991988e+04
1.333493473383090713e+04
1.333537704400123039e+04
1.333544237853404593e+04
1.333520710263064939e+04
1.333485266112845602e+04
1.333423488191098659e+04
1.333345839967364009e+04
1.333200603140050953e+04
1.332927365172461214e+04
1.332743845967719244e+04
1.332579052679889173e+04
1.332387848692329862e+04
1.332113741178044802e+04
1.331862691280967920e+04
1.331621144688287313e+04
1.331115069195183059e+04
1.330814263318865778e+04
1.330209466440589131e+04
