4.810014896274428793e+03
4.814970979195196378e+03
4.818918760605038187e+03
4.821791621448416663e+03
4.824146885270014536e+03
4.826894392028959373e+03
4.829308893113663544e+03
4.831724745774094117e+03
4.833643437417772475e+03
4.834600181412549318e+03
4.835818761843826906e+03
4.836339101201862832e+03
4.836732192472672978e+03
4.836889174612302668e+03
4.836757503637260925e+03
4.835850894705425162e+03
4.834995431069758524e+03
4.834123917329736287e+03
4.833022943038638914e+03
4.831318868481146637e+03
4.829659607526366017e+03
4.827994028624358180e+03
4.824336111904586687e+03
4.822077113497982282e+03
4.817389761098189410e+03
