1.506105650821312565e+03
1.501161577374348553e+03
1.494664298870246512e+03
1.489738768181337946e+03
1.485370700890475973e+03
1.480617295065272174e+03
1.476254812104766188e+03
1.472550121746487093e+03
1.468301900551393373e+03
1.463761410536692665e+03
1.459714203919044849e+03
1.452594272916494674e+03
1.448761645594181346e+03
1.444889907972806895e+03
1.440335857329213695e+03
1.436813798620673424e+03
1.430915222800620541e+03
1.427413000238844688e+03
1.423023169205320301e+03
1.419761455591081130e+03
