1.700100935107921885e+01
1.702486499498350270e+01
1.704568395015720839e+01
1.706218666017766594e+01
1.707683172924226511e+01
1.709561442871310177e+01
1.711424152781608043e+01
1.713597240837453484e+01
1.715704687815987128e+01
1.716985575303523603e+01
1.719088980886390772e+01
1.720363514260613158e+01
1.721845051391578352e+01
1.723221774645746862e+01
1.725184434909530751e+01
1.727928038244172271e+01
1.729415747412233273e+01
1.730602844975084764e+01
1.731850900829096318e+01
1.733459043266450195e+01
1.734790026040217015e+01
1.735971081444391118e+01
1.738203235980201811e+01
1.739407933957611618e+01
1.741620659063488930e+01
