6.087968759246766837e+00
6.088083919820876488e+00
6.088199710801976750e+00
6.088317571270801309e+00
6.088436539267347847e+00
6.088557043025707216e+00
6.088679634878303659e+00
6.088802989471242100e+00
6.088928030764778399e+00
6.089055205478250521e+00
6.089182904026437804e+00
6.089312508796910883e+00
6.089444173180746489e+00
6.089576118452397324e+00
6.089710172750772088e+00
6.089846185888782237e+00
6.089982329791565618e+00
6.090120818537440250e+00
6.090261144238270141e+00
6.090401395368063575e+00
6.090544086725341089e+00
6.090688419759222150e+00
6.090832604704959685e+00
6.090979500392252000e+00
6.091127838382536908e+00
6.091275852944602498e+00
6.091426738253355566e+00
6.091578787306117349e+00
6.091730512328316749e+00
6.091885442242365833e+00
6.092041095778887083e+00
6.092196339880826095e+00
6.092355060130596911e+00
6.092513902017110183e+00
6.092672565526064510e+00
6.092835053444980886e+00
6.092996671935181574e+00
6.093159152662985356e+00
6.093325100846200826e+00
6.093486823692646048e+00
6.093688612344988265e+00
