1.312878485264763739e+01
1.314491699966349003e+01
1.315414294965049358e+01
1.316536151555041201e+01
1.317754387614379397e+01
1.318552453991561180e+01
1.319530656554748305e+01
1.321252747185029541e+01
1.322292068830962819e+01
1.323215483060713993e+01
1.324267524249133565e+01
1.325333208390792805e+01
1.326167780176254674e+01
1.327053081396936030e+01
1.328326077284719808e+01
1.329226264433653526e+01
1.330146214324708076e+01
1.331091096889132608e+01
1.332075222916107649e+01
1.333179823445134460e+01
1.334430756555121356e+01
1.335325729331828803e+01
1.336517545630935189e+01
1.337718583453189503e+01
1.339109801972190184e+01
1.341004437464353671e+01
1.342279052099947378e+01
1.344322406924387536e+01
