2.596164397542744950e+01
2.616859855624874953e+01
2.620844797759664857e+01
2.596224117976658619e+01
2.586323704389896250e+01
2.573622857487899296e+01
2.571655830598147929e+01
2.573647819644876122e+01
2.581371065612821525e+01
2.590528210727462266e+01
2.603496819887059743e+01
2.605691537368728206e+01
2.597410071349949945e+01
2.590402534786729305e+01
2.589963399944894462e+01
2.590993891783034897e+01
2.592205920281066511e+01
2.595402115254452013e+01
2.597405649467679112e+01
2.605346189627606535e+01
2.604928637873430830e+01
2.603861410920526254e+01
2.604491889489307610e+01
2.608410456438721070e+01
2.614956433298171135e+01
2.619736874560072692e+01
2.620492958089389290e+01
2.619844433006469941e+01
2.618805485073677630e+01
2.622366757351452193e+01
2.628526824140170604e+01
2.633478021784902978e+01
2.634056263885528892e+01
2.631508872276557653e+01
2.630505996243311273e+01
2.635044899231153082e+01
2.643664153308560927e+01
2.651157426961541574e+01
2.652406107711572858e+01
2.653290671236677767e+01
2.666239381223786253e+01
2.682011594840382784e+01
2.682959712899215532e+01
2.683620181138433836e+01
2.682679035453534766e+01
2.682114514584248965e+01
2.686227001667895209e+01
2.693989374156493710e+01
2.700020929825575422e+01
2.701643688524191589e+01
2.701605775286173028e+01
2.701714089203122882e+01
2.702381982089730172e+01
2.706219409982908886e+01
2.712068393996137772e+01
2.717425635786349147e+01
2.721425463623671703e+01
2.724393039438466602e+01
2.726161848584782632e+01
2.726543743646687545e+01
2.727029848826616032e+01
2.731118528336050488e+01
2.738381455678954168e+01
2.748113330387013420e+01
2.755336532274727190e+01
2.758825433996224064e+01
2.763053878986930911e+01
2.771412865435627992e+01
2.784259779519090472e+01
2.786455465320502967e+01
2.787140237274925880e+01
2.787172307771633939e+01
2.790859618324831359e+01
2.798806629862000150e+01
2.806020719123807083e+01
2.808168523588298982e+01
2.807242140351485560e+01
2.808149678097844060e+01
2.813097876396567543e+01
2.820073748975644179e+01
2.824757131144285083e+01
2.824942271279876493e+01
2.822957636348160193e+01
2.823496512799748359e+01
2.828927334655589476e+01
2.834534720695585364e+01
2.842950560433231644e+01
2.842389274285147138e+01
2.845201600413766840e+01
2.859313761289547529e+01
2.874827993829573103e+01
2.876840023480287911e+01
2.875697699791972184e+01
2.871786628034940492e+01
2.878615954604056881e+01
2.895450004157218160e+01
