1.920300835604356138e+01
1.936485129529816973e+01
1.940428239553353862e+01
1.924090260984941736e+01
1.917375836325813765e+01
1.909125211330129090e+01
1.908386135293845953e+01
1.910448667156276770e+01
1.917050776555729286e+01
1.924623812667119438e+01
1.935649070133269589e+01
1.938717678559107682e+01
1.934462276152818916e+01
1.931179589112708683e+01
1.931343527220830936e+01
1.933164978795674216e+01
1.934545979294025742e+01
1.937858238402368727e+01
1.939870679560709377e+01
1.948703848896487045e+01
1.950801957365581885e+01
1.951694434919820154e+01
1.953300270047398612e+01
1.957866299987106729e+01
1.964484649277225614e+01
1.969777691545666443e+01
1.971684770803856779e+01
1.972138491797820237e+01
1.972619853477056751e+01
1.977861104001871695e+01
1.984024762897726291e+01
1.989293073329250561e+01
1.990090785403789653e+01
1.991204003264414979e+01
1.992055499398500729e+01
1.997205417916402581e+01
2.005358286944479218e+01
2.013051763184967413e+01
2.016123535393240473e+01
2.017936338471305646e+01
2.030480087253172172e+01
2.045089083641079952e+01
2.046225998125567358e+01
2.047740725520232274e+01
2.048256559891387951e+01
2.049398585881959534e+01
2.054239761703812306e+01
2.061759740358841242e+01
2.068016082974226322e+01
2.071003714371544646e+01
2.071702798758154529e+01
2.072760470517245324e+01
2.074082714056519805e+01
2.078684723875846885e+01
2.084778654140688303e+01
2.090498932243121644e+01
2.095217186920416452e+01
2.099174192059364685e+01
2.101876559126588617e+01
2.102507474619350347e+01
2.103322191838119437e+01
2.108906522457399646e+01
2.116246517864672327e+01
2.125415688039157658e+01
2.132719285436878920e+01
2.137248018732127619e+01
2.142113406260962449e+01
2.150047851760511008e+01
2.162125447606136319e+01
2.164696282672780470e+01
2.166416187482194644e+01
2.168208384677976852e+01
2.172767683773966496e+01
2.180546146886576864e+01
2.187837011115880159e+01
2.191320134019397159e+01
2.192537865174193357e+01
2.194948926797265187e+01
2.200352433258516882e+01
2.207263913664391453e+01
2.212489755010046721e+01
2.214396914357357105e+01
2.214705602652635719e+01
2.216887954401063610e+01
2.222699783819875208e+01
2.228122874843167978e+01
2.237143618898143416e+01
2.239553209665137956e+01
2.243922070540004654e+01
2.256918351876208462e+01
2.270970159115658404e+01
2.275277294848537935e+01
2.274920479134802775e+01
2.275274883895812295e+01
2.281644336791959304e+01
2.295574113746506129e+01
