1.585337653864518259e+01
1.586347020841186151e+01
1.587527388042341059e+01
1.588537422456166404e+01
1.589870116669004041e+01
1.590674392955710204e+01
1.591442713603261261e+01
1.592619953825455958e+01
1.593366261476271895e+01
1.594498590461333087e+01
1.595259652906173464e+01
1.596070318376605357e+01
1.596791892744878361e+01
1.598392399178631607e+01
1.599304768472407190e+01
1.600181752511250721e+01
1.600941513811626038e+01
1.601671857116669884e+01
1.602354838473140575e+01
1.603196607295272358e+01
1.603841705539496942e+01
1.604487646576440696e+01
1.605241783149262602e+01
1.606031107801572588e+01
1.606785323188400483e+01
1.607538985907758899e+01
1.608488004387783121e+01
1.609251366719448839e+01
