2.545344318434526087e+01
2.544912440992412428e+01
2.544337863435639946e+01
2.543896780875758168e+01
2.543501515264766866e+01
2.543066861031783787e+01
2.542663681846601520e+01
2.542317991303233526e+01
2.541917739889602146e+01
2.541485277247714336e+01
2.541095598795791588e+01
2.540400083522480301e+01
2.540020216186707458e+01
2.539632430757340842e+01
2.539170935498163928e+01
2.538809907534376720e+01
2.538196924558442547e+01
2.537827839233115412e+01
2.537359590445813140e+01
2.537007487230643221e+01
