6.086872537154770058e+00
6.087077816985087431e+00
6.087284938824028657e+00
6.087495337750818969e+00
6.087708048394687488e+00
6.087923495022873333e+00
6.088142225434007848e+00
6.088362910369689018e+00
6.088586469003513635e+00
6.088813343114990673e+00
6.089041918552351440e+00
6.089273572155987857e+00
6.089508451786877608e+00
6.089744773305151071e+00
6.089984358306247181e+00
6.090227050099104034e+00
6.090471014016018536e+00
6.090718456379121015e+00
6.090968861696237191e+00
6.091220310702149199e+00
6.091475309374549063e+00
6.091733050657240689e+00
6.091991736065051732e+00
6.092254214605707041e+00
6.092519208411289355e+00
6.092784941972189117e+00
6.093054598559705326e+00
6.093326460739552530e+00
6.093599029780917498e+00
6.093875822520486985e+00
6.094154346167653280e+00
6.094433455334556271e+00
6.094717022158530284e+00
6.095001679335500633e+00
6.095287112867933565e+00
6.095577310509701086e+00
6.095867563966438141e+00
6.096159588657622308e+00
6.096455972932984579e+00
6.096749006911191593e+00
6.097082961524152189e+00
