2.617086260332798631e+01
2.611547339310734372e+01
2.604264153328990972e+01
2.598739555208608110e+01
2.593837776235117332e+01
2.588500882956374483e+01
2.583600353585966758e+01
2.579436776467769121e+01
2.574660053056967968e+01
2.569551915153904176e+01
2.564996228196510941e+01
2.556975817708783794e+01
2.552655203840161136e+01
2.548288091416892343e+01
2.543148165927913951e+01
2.539170546834108677e+01
2.532504043893933598e+01
2.528542813356077801e+01
2.523574292426539856e+01
2.519880107964009497e+01
