1.560545147962549350e+01
1.562388093802228539e+01
1.563982483513437849e+01
1.565236834364824503e+01
1.566342804962643953e+01
1.567751138192139493e+01
1.569136329520947548e+01
1.570737500845278056e+01
1.572274617333209612e+01
1.573201117285983663e+01
1.574709527360507799e+01
1.575615465583235775e+01
1.576660709783347691e+01
1.577624302091584241e+01
1.578984854312754571e+01
1.580860046039220101e+01
1.581863404176752042e+01
1.582657033248345613e+01
1.583484583996636097e+01
1.584540340199751896e+01
1.585404933996079890e+01
1.586164989675376624e+01
1.587582604744953407e+01
1.588337159917348451e+01
1.589703182489919975e+01
