1.404170528835189361e+04
1.395033547679814728e+04
1.386907782368713742e+04
1.380363478751114781e+04
1.374477691296327794e+04
1.366819082484910177e+04
1.359099079934336260e+04
1.349931368455592747e+04
1.340869891411341086e+04
1.335278137964403504e+04
1.325953800395307553e+04
1.320216090775212979e+04
1.313461279297459987e+04
1.307100530893166069e+04
1.297889595606286275e+04
1.284722880967352103e+04
1.277436863655228626e+04
1.271547069155034296e+04
1.265280504966639637e+04
1.257091062095577763e+04
1.250212904106182395e+04
1.244031778641290475e+04
1.232144430888092393e+04
1.225614200677351801e+04
1.213403277334396626e+04
