1.903374373925055352e+01
1.893766801195491567e+01
1.885565976138576616e+01
1.879190232191078991e+01
1.873626736340805721e+01
1.866624408700716486e+01
1.859831141617306116e+01
1.852101155279283162e+01
1.844811191357998226e+01
1.840482378306090538e+01
1.833545472136116672e+01
1.829448298517332461e+01
1.824788782183487612e+01
1.820560327800960820e+01
1.814705300682810218e+01
1.806872349078976825e+01
1.802802113755249280e+01
1.799646299441629793e+01
1.796418362146173209e+01
1.792398086107102273e+01
1.789191869732188422e+01
1.786440891401363018e+01
1.781489958436431209e+01
1.778956600546542788e+01
1.774565474813564592e+01
