2.136629001232363834e+01
2.134873714606013806e+01
2.133308180287050604e+01
2.132044327682961793e+01
2.130905407808405627e+01
2.129420329752499086e+01
2.127919864263821736e+01
2.126133592751340728e+01
2.124363418170850792e+01
2.123268830568374810e+01
2.121439892187975929e+01
2.120312207831650753e+01
2.118982470171746968e+01
2.117728215807717618e+01
2.115908421290548702e+01
2.113300040836196558e+01
2.111853180470133040e+01
2.110681817109320235e+01
2.109433817756723073e+01
2.107800270994300362e+01
2.106426049081867546e+01
2.105189379415104867e+01
2.102806594321939571e+01
2.101495180337370527e+01
2.099038414104301253e+01
