4.505472652306388227e+03
4.510107269213613108e+03
4.514219050183976833e+03
4.517523975870557479e+03
4.520491420587954053e+03
4.524345835110607368e+03
4.528223496123977384e+03
4.532818593938856793e+03
4.537350332722316125e+03
4.540141928696102696e+03
4.544788838298142764e+03
4.547643356943914114e+03
4.550999154792357331e+03
4.554154587247085146e+03
4.558716199879819214e+03
4.565221385125966663e+03
4.568813511333809402e+03
4.571713397741021254e+03
4.574795045829609990e+03
4.578816572377259035e+03
4.582189261595625794e+03
4.585216402341035973e+03
4.591028304672748163e+03
4.594215653719065813e+03
4.600165716363377214e+03
