1.440396657733205821e+01
1.442603004928665023e+01
1.445469658424210557e+01
1.447617135485259965e+01
1.449502382442429216e+01
1.451532816936904702e+01
1.453376303964709848e+01
1.454926378312028667e+01
1.456685907872007313e+01
1.458544639699170631e+01
1.460181811068175683e+01
1.463015288903354971e+01
1.464514949574900093e+01
1.466011022763261273e+01
1.467745644968822027e+01
1.469067965631018957e+01
1.471243494777120731e+01
1.472511204645782712e+01
1.474073928010789736e+01
1.475215486201054027e+01
