4.008317315317520979e+01
4.008744386329055942e+01
4.009175322751686821e+01
4.009610193950310730e+01
4.010048902381651459e+01
4.010491360745321998e+01
4.010937481263795945e+01
4.011387174055987259e+01
4.011840352598235881e+01
4.012296926652880558e+01
4.012756809055874641e+01
4.013219909219319703e+01
4.013686138104706913e+01
4.014155405987772696e+01
4.014627621768410393e+01
4.015102695291199808e+01
4.015580533103432970e+01
4.016061042561413785e+01
4.016544128659144519e+01
4.017029695636130526e+01
4.017517647288055826e+01
4.018007884685991371e+01
4.018500309354820388e+01
4.018994819924680684e+01
4.019491314580952235e+01
4.019989690527778237e+01
4.020489841670580944e+01
4.020991663011751172e+01
4.021495045503581167e+01
4.021999879796250355e+01
4.022506054138800380e+01
4.023013453708104237e+01
4.023521963237400456e+01
4.024031462462018993e+01
4.024541832859534196e+01
4.025052949869376562e+01
4.025564688931918056e+01
4.026076920985396868e+01
4.026589514175837081e+01
4.027102341151790199e+01
4.027615124862386864e+01
