2.000000000563166225e+01
2.000366358226496999e+01
2.000742292710771864e+01
2.001127901172814916e+01
2.001523101878878919e+01
2.001927810361133453e+01
2.002341930855970276e+01
2.002765357099087140e+01
2.003197971723418647e+01
2.003639646144110742e+01
2.004090241721266352e+01
2.004549607450111637e+01
2.005017581144034722e+01
2.005493989464144278e+01
2.005978649012113380e+01
2.006471363830329580e+01
2.006971927243836973e+01
2.007480124352878192e+01
2.007995727481083037e+01
2.008518508788936430e+01
2.009048076405262861e+01
