1.728509109569099110e+03
1.734215902251334228e+03
1.741659956050359142e+03
1.747259722803562909e+03
1.752193255073673299e+03
1.757526261984540497e+03
1.762386895205816018e+03
1.766488486185713327e+03
1.771161440476956386e+03
1.776118907933799619e+03
1.780504578011405783e+03
1.788140963729634450e+03
1.792208293792296217e+03
1.796285160065704758e+03
1.801038007588206256e+03
1.804681288829429604e+03
1.810716831014293120e+03
1.814259778294994021e+03
1.818656187051144798e+03
1.821889669781260636e+03
