4.018389205963694621e+01
4.018691922500588021e+01
4.018986877401201241e+01
4.019274153690297169e+01
4.019553688666573521e+01
4.019825432227358419e+01
4.020089340858044835e+01
4.020345377363955208e+01
4.020593518226496599e+01
4.020833747842961259e+01
4.021066066520648263e+01
4.021290484733982140e+01
4.021507029080731144e+01
4.021715740678694573e+01
4.021916674970601235e+01
4.022109904591993512e+01
4.022295515652170650e+01
4.022473612067416582e+01
4.022644312772630570e+01
4.022807753785227192e+01
4.022964088650515890e+01
4.023113486318847976e+01
4.023256134584588750e+01
4.023392236774251529e+01
4.023522014193277130e+01
4.023645705794239547e+01
4.023763565980514301e+01
4.023875868972194780e+01
4.023982903824980895e+01
4.024084978371978139e+01
4.024182417059896011e+01
4.024275560430607612e+01
4.024364767726960679e+01
4.024450412383027498e+01
4.024532888510827888e+01
4.024612603231815200e+01
4.024689982262967902e+01
4.024765465775314510e+01
4.024839508751001915e+01
4.024912592109451026e+01
4.024985026158878298e+01
