6.098339858903432997e+00
6.099181518459901419e+00
6.100032625038793732e+00
6.100895035022915636e+00
6.101768035373360100e+00
6.102651861027609037e+00
6.103546498351553495e+00
6.104451660981806249e+00
6.105367555254740175e+00
6.106293960088001072e+00
6.107230796946694795e+00
6.108178096624929054e+00
6.109135687598786113e+00
6.110103649423325400e+00
6.111081697434568305e+00
6.112069832480951703e+00
6.113068017243302954e+00
6.114075978838370951e+00
6.115093916969699173e+00
6.116121365007392008e+00
6.117163238032961026e+00
