9.939206442127346236e+03
9.929517519167253340e+03
9.921701146535760927e+03
9.915939623554815626e+03
9.911155570311371775e+03
9.905482559519845381e+03
9.900381980938938796e+03
9.895110596777509272e+03
9.890716852065448620e+03
9.888401049918062199e+03
9.885195219646746409e+03
9.883621969681209521e+03
9.882151838729505471e+03
9.881138493785212631e+03
9.880295888336004282e+03
9.880341726136652142e+03
9.880982817856171096e+03
9.881814306195074096e+03
9.883001316142386713e+03
9.885014241692606447e+03
9.887101751072459592e+03
9.889281362111030830e+03
9.894264546983788023e+03
9.897436346826518275e+03
9.904173550336401604e+03
