2.000000000422820534e+01
2.000095014515228087e+01
2.000191152111467119e+01
2.000288565467445778e+01
2.000387240403211564e+01
2.000487170064317155e+01
2.000588346243140592e+01
2.000690761554097463e+01
2.000794407928088958e+01
2.000899276934664073e+01
2.001005358678533952e+01
2.001112643037227912e+01
2.001221120087715377e+01
2.001330779054727316e+01
2.001441607886215479e+01
2.001553594310770023e+01
2.001666726199631796e+01
2.001780989992833781e+01
2.001896369910793538e+01
2.002012858216053104e+01
2.002130283769024288e+01
