2.493986186286937112e+01
2.495652436313243783e+01
2.496579055248838941e+01
2.497680845403349537e+01
2.498847140684235768e+01
2.499594615450974189e+01
2.500493367064064643e+01
2.502030243711790902e+01
2.502930637280514503e+01
2.503713970966491331e+01
2.504587776826245005e+01
2.505453139152844599e+01
2.506117244451565185e+01
2.506808941000058155e+01
2.507780996224657244e+01
2.508452671728520755e+01
2.509125946277728048e+01
2.509803900768821805e+01
2.510495682835605535e+01
2.511255095168928975e+01
2.512093815331088109e+01
2.512680291019373868e+01
2.513444082294634185e+01
2.514194320405365346e+01
2.515039516191561475e+01
2.516150536362996704e+01
2.516872731109522832e+01
2.517989439234706950e+01
