1.484193822170687760e+01
1.485194068097738374e+01
1.486065423271587349e+01
1.486755063130369514e+01
1.487366267758442007e+01
1.488149021477365253e+01
1.488924004146439550e+01
1.489826457257974646e+01
1.490699891517137488e+01
1.491229888646617852e+01
1.492098759961167431e+01
1.492624337914239163e+01
1.493234399654345346e+01
1.493800437752762100e+01
1.494605909090108220e+01
1.495728881424493473e+01
1.496336300328596458e+01
1.496820198721197670e+01
1.497328179683792015e+01
1.497981538589747963e+01
1.498521260523720144e+01
1.498999384694229242e+01
1.499900908106614850e+01
1.500386280903275171e+01
1.501275556220867280e+01
