4.572382393541332931e+03
4.578889879635788020e+03
4.584561528583755717e+03
4.589052238641749682e+03
4.593033603922939619e+03
4.598134405621873157e+03
4.603186809858896595e+03
4.609073145007357198e+03
4.614773278749177734e+03
4.618233623824478855e+03
4.623909040906193695e+03
4.627343675653992250e+03
4.631331956021953374e+03
4.635033955455856812e+03
4.640304499181338542e+03
4.647657891149878196e+03
4.651638039373522588e+03
4.654810205848810256e+03
4.658141609058970062e+03
4.662428531685864982e+03
4.665971686521026641e+03
4.669111901023285100e+03
4.675036703726485939e+03
4.678228693017610567e+03
4.684080916592919493e+03
