2.203296334661283140e+01
2.209455851848306551e+01
2.212900015111999963e+01
2.217013610292147519e+01
2.221390689547416031e+01
2.224208711451008114e+01
2.227610793990660554e+01
2.233464810778368914e+01
2.236916884699903463e+01
2.239934332301263353e+01
2.243316498274576176e+01
2.246683549044928085e+01
2.249279872129527647e+01
2.251995909630793946e+01
2.255834108711220409e+01
2.258501420444368435e+01
2.261188082264122556e+01
2.263907096791889373e+01
2.266696303762557818e+01
2.269776092605338746e+01
2.273200367834034807e+01
2.275609740632246414e+01
2.278766937921382763e+01
2.281890519344152324e+01
2.285437611547100545e+01
2.290148901339506438e+01
2.293243135041743130e+01
2.298081115427284260e+01
