1.880187218623021295e+01
1.895752723592743294e+01
1.899288526459485027e+01
1.882676749195805144e+01
1.875905544081177112e+01
1.867465369112955997e+01
1.866522262476829752e+01
1.868365608139608725e+01
1.874571679178326988e+01
1.881761993816710543e+01
1.892170832376244505e+01
1.894805141275605109e+01
1.890188198973496725e+01
1.886550792647777186e+01
1.886608299182997328e+01
1.888177042352920409e+01
1.889435027035964154e+01
1.892501285404914313e+01
1.894377089087572585e+01
1.902551323335532274e+01
1.904274787375277356e+01
1.904939398185908317e+01
1.906378492286317083e+01
1.910665051950129723e+01
1.916960712331968963e+01
1.921969569428595648e+01
1.923708604832345870e+01
1.924066916902960145e+01
1.924427862697079661e+01
1.929352039701387511e+01
1.935275107794310401e+01
1.940331208752644798e+01
1.941089749254484431e+01
1.942009104772814965e+01
1.942762092739717517e+01
1.947723613337144855e+01
1.955634555376820316e+01
1.963085844089979659e+01
1.966014989704518356e+01
1.967750359891691758e+01
1.979945642516367954e+01
1.994176858702898869e+01
1.995279305138019765e+01
1.996737020165121734e+01
1.997212566950459234e+01
1.998295561954217803e+01
2.003001298787504325e+01
2.010335875669135675e+01
2.016434874430006730e+01
2.019333770204548273e+01
2.020007973061526130e+01
2.021030649986172634e+01
2.022315441078519882e+01
2.026804070426272020e+01
2.032757367170821183e+01
2.038347036514016963e+01
2.042957272046755790e+01
2.046824299087621668e+01
2.049466088230277450e+01
2.050083018847021421e+01
2.050879805831169378e+01
2.056346072353431254e+01
2.063537522653437506e+01
2.072524846217781658e+01
2.079687516551038584e+01
2.084133909345110425e+01
2.088911504768182326e+01
2.096699283601380159e+01
2.108559640061657703e+01
2.111090426269409193e+01
2.112792422908720624e+01
2.114576251030688425e+01
2.119076330429432531e+01
2.126735237134737488e+01
2.133919229601078271e+01
2.137370779301502921e+01
2.138601138076463215e+01
2.140995762806102576e+01
2.146321086761246377e+01
2.153122941249135991e+01
2.158272033287568803e+01
2.160167720836790650e+01
2.160494965472172169e+01
2.162655692171811239e+01
2.168370502565861102e+01
2.173697298298052161e+01
2.182561284876542018e+01
2.184943025877829825e+01
2.189238118369234698e+01
2.201987554145936343e+01
2.215771174324621740e+01
2.220005968015314579e+01
2.219658467112463640e+01
2.220017910700632768e+01
2.226264636876510394e+01
2.239922696362078369e+01
