1.453970600494936605e+01
1.454779740607486538e+01
1.455479273148204200e+01
1.456029286090480568e+01
1.456513985753619700e+01
1.457130842835183770e+01
1.457737157358525870e+01
1.458437479413928983e+01
1.459109219801061563e+01
1.459513830693392045e+01
1.460172088419718506e+01
1.460567133837614229e+01
1.461022632795387288e+01
1.461442259392956977e+01
1.462034255990693588e+01
1.462849156459471267e+01
1.463284662209045806e+01
1.463628860407527554e+01
1.463987499202493048e+01
1.464444613543587970e+01
1.464818587404626449e+01
1.465147051972479630e+01
1.465758908246499814e+01
1.466084141145247877e+01
1.466672088737781010e+01
