1.813270429962564094e+03
1.814180860177582417e+03
1.814683936612065509e+03
1.815278971352703593e+03
1.815904957715788441e+03
1.816303960548765190e+03
1.816781358648584501e+03
1.817591469805628094e+03
1.818062231416066652e+03
1.818469357803539879e+03
1.818920724662310931e+03
1.819364716910940388e+03
1.819703332355695920e+03
1.820053984158103503e+03
1.820543109419203347e+03
1.820878484879571488e+03
1.821212428931507020e+03
1.821546348176074616e+03
1.821884550569836392e+03
1.822252745746780647e+03
1.822655472634662601e+03
1.822934516129186932e+03
1.823294603016973497e+03
1.823644456906593859e+03
1.824033761875196660e+03
1.824537172974217128e+03
1.824858956700556064e+03
1.825347351649590109e+03
