4.478712711869932718e+03
4.485806190613121544e+03
4.492023543453220555e+03
4.496970130469850119e+03
4.501373708953265123e+03
4.507040840969609235e+03
4.512683082935033781e+03
4.519293984134409584e+03
4.525735352987507213e+03
4.529665248910634546e+03
4.536143780335994052e+03
4.540084871303005457e+03
4.544681111541258360e+03
4.548966992597591343e+03
4.555102228730701427e+03
4.563730048737820653e+03
4.568434323151366698e+03
4.572201466791224448e+03
4.576175188272841297e+03
4.581315694866674676e+03
4.585587941820942433e+03
4.589392683185272290e+03
4.596619777071551653e+03
4.600540502902066692e+03
4.607780144440513141e+03
