1.302972774782743315e+01
1.296316745513024671e+01
1.288886177141805334e+01
1.282840398517745584e+01
1.275321302947859614e+01
1.271044561547778073e+01
1.267148574741478839e+01
1.261549923845282528e+01
1.258240585978861681e+01
1.253588290121973792e+01
1.250719412804380504e+01
1.247899567547751687e+01
1.245600524307906731e+01
1.241239896191525105e+01
1.239230250017832091e+01
1.237640106713145194e+01
1.236543221389228719e+01
1.235743130758354802e+01
1.235227959909500228e+01
1.234913770106132702e+01
1.234920981505444892e+01
1.235151304544603157e+01
1.235712317313834951e+01
1.236649188025025303e+01
1.237892014710709709e+01
1.239487344051869577e+01
1.242021718301226585e+01
1.244505542498172979e+01
