1.203464796373035642e+04
1.203434454918685697e+04
1.203403248203023759e+04
1.203345892193721374e+04
1.203328615992086452e+04
1.203292647845760621e+04
1.203267927980313470e+04
1.203247484529581561e+04
1.203217424104392194e+04
1.203190603607591584e+04
1.203141959982953267e+04
1.203095629408810782e+04
1.203036315531037326e+04
1.202976263004519751e+04
1.202961660258278789e+04
1.202931374960813628e+04
1.202918296382155495e+04
1.202894816904503205e+04
1.202883290943634347e+04
1.202849877694369206e+04
1.202861497136886646e+04
1.202880185624418300e+04
1.202897332193759212e+04
1.202930001686045944e+04
1.202972053578500527e+04
1.203020832541371055e+04
1.203063254463176418e+04
1.203094717098633009e+04
1.203141237638872735e+04
1.203269209421690175e+04
1.203368698106667034e+04
1.203480585121293552e+04
1.203508395597583876e+04
1.203766351015988585e+04
1.203924012429053982e+04
1.204112049698146802e+04
1.204307679790312250e+04
1.204556366073020763e+04
1.204816177164290275e+04
1.204961458148968813e+04
1.205350301645455693e+04
1.205758531267522994e+04
1.205820572406771134e+04
1.205968211573755252e+04
1.206145460683884266e+04
1.206378826506129553e+04
1.206656221266676403e+04
1.206938478992897399e+04
1.207229600132022824e+04
1.207524613075274465e+04
1.207646244703570846e+04
1.207811512788080108e+04
1.207953277984015949e+04
1.208260693076935968e+04
1.208575083931705376e+04
1.208891584633008642e+04
1.209211512531381595e+04
1.209536067652321253e+04
1.209797229788420736e+04
1.209863159703097699e+04
1.209949635760377350e+04
1.210441352597936202e+04
1.210822810539837155e+04
1.211207090222065926e+04
1.211594437460882546e+04
1.211983783608336489e+04
1.212333093829280006e+04
1.212684100378694529e+04
1.213218861563665632e+04
1.213422005734607774e+04
1.213681900726602908e+04
1.214067020341558054e+04
1.214488439800049309e+04
1.214947527044320668e+04
1.215433492580155507e+04
1.215902636686865480e+04
1.216371423038057947e+04
1.216801875166138598e+04
1.217231604608213638e+04
1.217662350560016421e+04
1.218093554447795032e+04
1.218524055105268417e+04
1.218955759380390919e+04
1.219386185150979327e+04
1.219818381165556275e+04
1.220126987641725100e+04
1.220795037092600069e+04
1.221461441142063450e+04
1.221999071833727976e+04
1.222595897335134941e+04
1.223190034518546963e+04
1.223830830277058885e+04
1.223941828719144360e+04
1.224664486388161095e+04
1.224953714850786309e+04
1.225274848842874781e+04
