1.346356115411687249e+01
1.347419766702798860e+01
1.348031184431243368e+01
1.348777613380122276e+01
1.349591741182858406e+01
1.350127039133369067e+01
1.350785228815115957e+01
1.351949321115627534e+01
1.352655094585959716e+01
1.353284131107030852e+01
1.354002998241012179e+01
1.354733530924548646e+01
1.355307244830562752e+01
1.355917345847815270e+01
1.356797297002803582e+01
1.357421407095222143e+01
1.358060776751721832e+01
1.358719082373327680e+01
1.359406427134145545e+01
1.360179936142448831e+01
1.361058439603604420e+01
1.361688569115466052e+01
1.362529738043381755e+01
1.363379721633760511e+01
1.364367122463571924e+01
1.365716558733353381e+01
1.366627382154835679e+01
1.368092402138977803e+01
