1.340324745835887832e+01
1.342089609554601459e+01
1.343017524953289232e+01
1.344068613243380383e+01
1.345116699866592569e+01
1.345752039821162249e+01
1.346476817392130521e+01
1.347612445796686309e+01
1.348213816240759400e+01
1.348696608907846972e+01
1.349188963104821326e+01
1.349626507500282990e+01
1.349927114279254248e+01
1.350206456540662003e+01
1.350538342097697964e+01
1.350724434546389041e+01
1.350873928866020712e+01
1.350985490443315129e+01
1.351057341904460962e+01
1.351085208516425418e+01
1.351050866439521236e+01
1.350984267483958590e+01
1.350842334639866493e+01
1.350639075086074925e+01
1.350329855623150621e+01
1.349784924291756560e+01
1.349340206128760222e+01
1.348500229651336291e+01
