2.087232430296975508e+03
2.082851718118208737e+03
2.078508279571250569e+03
2.074202114656084177e+03
2.069933223372680004e+03
2.065701605720996668e+03
2.061507261700981871e+03
2.057350191312571496e+03
2.053230394555690054e+03
2.049147871430248415e+03
2.045102621936148353e+03
2.041094646073278454e+03
2.037123943841516621e+03
2.033190515240726654e+03
2.029294360270764400e+03
2.025435478931470925e+03
2.021613871222677062e+03
2.017804193871373172e+03
2.014032293560905146e+03
2.010298170291064707e+03
2.006601824061631078e+03
2.002943254872370971e+03
1.999322462723040189e+03
1.995739447613381117e+03
1.992194209543124998e+03
