1.676759445296448447e+01
1.677517774710316445e+01
1.678483931250769601e+01
1.679192555262208941e+01
1.679803211823789511e+01
1.680448174092328273e+01
1.681021604236801892e+01
1.681494265745462258e+01
1.682019636315302336e+01
1.682560914084010051e+01
1.683025209327467664e+01
1.683798782957589779e+01
1.684191494711672732e+01
1.684570717199279244e+01
1.684993519640198656e+01
1.685302709981456104e+01
1.685784377272643653e+01
1.686048143422542722e+01
1.686354421317353314e+01
1.686563864991455830e+01
