3.963854165842265243e+00
3.964668008788268416e+00
3.965790393837112404e+00
3.967031477037238130e+00
3.968110571000679876e+00
3.969459811576862673e+00
3.970960571879748713e+00
3.972285150405214349e+00
3.973839301627930976e+00
3.975595364227199280e+00
3.977156322101107477e+00
3.978903306568887910e+00
3.980887149297759553e+00
3.982653457875542813e+00
3.984571410415361559e+00
3.986742702018748918e+00
3.988642715550962947e+00
3.990715654127062084e+00
3.992995324396446222e+00
3.994802279458244509e+00
3.999707088145864731e+00
