1.661815011771504302e+01
1.659282105207009295e+01
1.655958144022465817e+01
1.653441935236617866e+01
1.651213235814300972e+01
1.648790932061374193e+01
1.646570680136550635e+01
1.644687403907245127e+01
1.642530379770317950e+01
1.640228065367463728e+01
1.638178668871036692e+01
1.634579966904628634e+01
1.632646441927331793e+01
1.630695873741949598e+01
1.628405129908276194e+01
1.626636225100149957e+01
1.623679300549382987e+01
1.621927068050524312e+01
1.619734485508407928e+01
1.618108146316182072e+01
