2.321853189100674354e+04
2.320982920303214269e+04
2.320009875371372254e+04
2.318187678018670704e+04
2.317593138010715847e+04
2.316454628270309331e+04
2.315727435515449179e+04
2.315123299840234176e+04
2.314205207841699666e+04
2.313376541254625408e+04
2.311905138470843303e+04
2.310451195623150488e+04
2.308498329992813524e+04
2.306426829071924658e+04
2.305901122426738584e+04
2.304771681975125830e+04
2.304254688886581062e+04
2.303234881142029553e+04
2.302659413276321720e+04
2.299398977000098603e+04
2.296683669861141971e+04
2.294805138170260034e+04
2.293536689453005965e+04
2.291664707053459279e+04
2.289659354560994689e+04
2.287674348772853045e+04
2.286157103980803731e+04
2.285114012228386491e+04
2.283721790970184156e+04
2.280794956769072814e+04
2.278990094051860797e+04
2.277195695790675381e+04
2.276783350795101069e+04
2.273463351994553523e+04
2.271706157837834326e+04
2.269729505711867387e+04
2.267774884502424902e+04
2.265428315447640489e+04
2.263112219911460124e+04
2.261871929961776186e+04
2.258705392758425660e+04
2.255597672274045544e+04
2.255143238320323871e+04
2.254077818860179104e+04
2.252827439358873380e+04
2.251226488993015664e+04
2.249382888786289914e+04
2.247568625286342649e+04
2.245756130845197185e+04
2.243974183123180410e+04
2.243254735110777256e+04
2.242290300535460483e+04
2.241474492943767109e+04
2.239740739223780474e+04
2.238014024548466114e+04
2.236318833876015196e+04
2.234645862555726490e+04
2.232986627773087093e+04
2.231678026022803169e+04
2.231351141199613994e+04
2.230924427725418354e+04
2.228543047726422446e+04
2.226742987305840870e+04
2.224966137579686983e+04
2.223211174452381965e+04
2.221478710384004080e+04
2.219952201376832454e+04
2.218442189192633305e+04
2.216259162232838207e+04
2.215463232429778873e+04
2.214459458055992945e+04
2.213024454077365226e+04
2.211562580445150888e+04
2.210078399210944917e+04
2.208575890331105620e+04
2.207147617907074891e+04
2.205730895920986222e+04
2.204443348081001750e+04
2.203165410241827703e+04
2.201893929395241503e+04
2.200630525458396369e+04
2.199374781084042115e+04
2.198124814458174296e+04
2.196883003461902990e+04
2.195644883322883834e+04
2.194772015791550075e+04
2.192886693472212937e+04
2.191015050313347456e+04
2.189513540632498189e+04
2.187850862112338291e+04
2.186198414197730017e+04
2.184423572629159025e+04
2.184120299527680618e+04
2.182086499548038773e+04
2.181254997974667640e+04
2.180310068956533360e+04
