1.004551017295889869e+04
1.007794843846071308e+04
1.010593091968527006e+04
1.012789008600862508e+04
1.014720935282830396e+04
1.017175045656367001e+04
1.019581980562812714e+04
1.022355280941092315e+04
1.025008105723301196e+04
1.026602348190852899e+04
1.029189824468054576e+04
1.030738807561804060e+04
1.032521046033383209e+04
1.034159173162802290e+04
1.036463733581875204e+04
1.039622758359150612e+04
1.041304244200926405e+04
1.042629617318261262e+04
1.044007066778192166e+04
1.045757235679649057e+04
1.047184231772469866e+04
1.048433765770421451e+04
1.050751210414545858e+04
1.051977295081293778e+04
1.054182737252621882e+04
