8.764089287823988343e+03
8.769981424622299528e+03
8.776654172869022659e+03
8.782171411042934778e+03
8.789168880181985514e+03
8.793230976480825120e+03
8.796994653027826644e+03
8.802532889912688916e+03
8.805895987472749766e+03
8.810771355593633416e+03
8.813889176983220750e+03
8.817064755938125018e+03
8.819761367513468940e+03
8.825287337022347856e+03
8.828143989933512785e+03
8.830679355106714866e+03
8.832702833969060521e+03
8.834491230504807390e+03
8.836020037935750224e+03
8.837706607594045636e+03
8.838846295122317315e+03
8.839849979219605302e+03
8.840841760577797686e+03
8.841664318761000686e+03
8.842236054833609160e+03
8.842589572030590716e+03
8.842710857635493085e+03
8.842534020416378553e+03
