2.435680163552721211e+01
2.432131490859791967e+01
2.427435503125006022e+01
2.423850078596962021e+01
2.420651466751207437e+01
2.417149781788582175e+01
2.413916324820641179e+01
2.411155140093577742e+01
2.407971077088782508e+01
2.404546338068052336e+01
2.401474247342889257e+01
2.396023584891222669e+01
2.393064199646331147e+01
2.390055923702109908e+01
2.386492664150422982e+01
2.383717857197786216e+01
2.379032124573988227e+01
2.376226279608981429e+01
2.372683317750758647e+01
2.370031477967395261e+01
