2.272235837511597722e+01
2.268566836740737713e+01
2.265358131199882763e+01
2.262810078511444800e+01
2.260545377168223169e+01
2.257635951881835013e+01
2.254745082145140955e+01
2.251365345974451770e+01
2.248080115343804053e+01
2.246079637263705209e+01
2.242788255218400906e+01
2.240789983365278104e+01
2.238463375516867870e+01
2.236297643361972476e+01
2.233203814633410644e+01
2.228866032271598741e+01
2.226507379809530462e+01
2.224621947271080558e+01
2.222636394084161537e+01
2.220072869540078742e+01
2.217946712884107541e+01
2.216056600623430839e+01
2.212475233994648249e+01
2.210537271571238094e+01
2.206968103945621351e+01
