6.092033784571243338e+00
6.092180757006949499e+00
6.092359304594364922e+00
6.092537746936718790e+00
6.092690093234632620e+00
6.092877482587034876e+00
6.093066211282951450e+00
6.093217843833987679e+00
6.093406010955990659e+00
6.093610189530418886e+00
6.093763819260299641e+00
6.093945694822747505e+00
6.094166387592516720e+00
6.094329526422606946e+00
6.094498473077422318e+00
6.094730633282188670e+00
6.094913319433723942e+00
6.095067654066794738e+00
6.095300470196715281e+00
6.095510994897396451e+00
6.095656298123824257e+00
6.095876137756182978e+00
6.096116824850821736e+00
6.096265310923024927e+00
6.096460084305472371e+00
6.096724962047147756e+00
6.096893021761546905e+00
6.097057224443642731e+00
6.097330839723158036e+00
6.097531357089414072e+00
6.097669889479417904e+00
6.097936387480916487e+00
6.098175740075545193e+00
6.098298399605748266e+00
6.098544202632409927e+00
6.098819564981855734e+00
6.098935534254465551e+00
6.099170679838434417e+00
6.099456268478703258e+00
6.099507211024018716e+00
6.100937440914981913e+00
