1.084344432445314155e+01
1.083429600373144552e+01
1.082542260531878320e+01
1.081682412921505332e+01
1.080850057542011200e+01
1.080045194393373897e+01
1.079267823475566601e+01
1.078517944788555916e+01
1.077795558332302228e+01
1.077100664106759709e+01
1.076433262111877731e+01
1.075793352347597676e+01
1.075180934813856126e+01
1.074596009510582739e+01
1.074038576437702552e+01
1.073508635595132077e+01
1.073006186982785337e+01
1.072528127158773259e+01
1.072077930869731155e+01
1.071655598115550845e+01
1.071261128896117754e+01
1.070894523211310911e+01
1.070555781061003131e+01
1.070244902445060120e+01
1.069961887363343145e+01
