1.431473732882676053e+01
1.428193058542954574e+01
1.425478373861643000e+01
1.423427327757216965e+01
1.421683511163029401e+01
1.419554417728758011e+01
1.417564931299707531e+01
1.415401578999243704e+01
1.413470337845035019e+01
1.412378877600589000e+01
1.410725133997864589e+01
1.409808789695870956e+01
1.408826867690486040e+01
1.407996303851022724e+01
1.406951996853543818e+01
1.405776220380073660e+01
1.405281706365330407e+01
1.404961382532716208e+01
1.404697225534454752e+01
1.404469075581996762e+01
1.404378090925632172e+01
1.404373318890615785e+01
1.404564811972908878e+01
1.404780132421957362e+01
1.405387186763938168e+01
