1.338386336446087807e+04
1.340662348860161546e+04
1.342635400732911876e+04
1.344190399373108266e+04
1.345563546886201220e+04
1.347315064747175347e+04
1.349041191602438266e+04
1.351040875185890036e+04
1.352965278373043475e+04
1.354127568632935981e+04
1.356023855934968742e+04
1.357165241124859131e+04
1.358484577870988323e+04
1.359703270338303992e+04
1.361428174498608314e+04
1.363814077113409621e+04
1.365095062971074549e+04
1.366110582992876152e+04
1.367171772543401130e+04
1.368529123001321204e+04
1.369643808418363733e+04
1.370626154269899780e+04
1.372464866580928901e+04
1.373447233957537173e+04
1.375232720058505765e+04
