1.647377406244329734e+01
1.649254661841644776e+01
1.650460200665030541e+01
1.652051292533127125e+01
1.653930292276827174e+01
1.655244305869906540e+01
1.656942381532438091e+01
1.660159197912410534e+01
1.662236774689933227e+01
1.664166141876840754e+01
1.666457758436046177e+01
1.668878272752768765e+01
1.670842004960470462e+01
1.672989181125809210e+01
1.676189763618333473e+01
1.678531788624189858e+01
1.680991167563379918e+01
1.683585246306871852e+01
1.686358932789755372e+01
1.689557710937020474e+01
1.693287055490328896e+01
1.696023310968183395e+01
1.699753419141671174e+01
1.703610002540819579e+01
1.708196832355844208e+01
1.714644099645521180e+01
1.719108098714568911e+01
1.726470306077035488e+01
