2.095757651712552061e+01
2.094183127470244443e+01
2.092819241293268462e+01
2.091745057551236897e+01
2.090797044000349914e+01
2.089588581020955971e+01
2.088398522019254955e+01
2.087021013908156419e+01
2.085696590463650324e+01
2.084897282950088027e+01
2.083594239285552518e+01
2.082810574190675368e+01
2.081905358409798623e+01
2.081069818605188360e+01
2.079888286969545064e+01
2.078256169975565726e+01
2.077381003468899578e+01
2.076687786465647534e+01
2.075963969020926214e+01
2.075039039225285720e+01
2.074280251687062915e+01
2.073612164213775344e+01
2.072363298992976866e+01
2.071696988919567772e+01
2.070487704000801799e+01
