9.487849107201602237e+03
9.484343911606812981e+03
9.476674778300466642e+03
9.461974885481822639e+03
9.439519989368178358e+03
9.421242892216252585e+03
9.395085102713608649e+03
9.339271697797519664e+03
9.299741567542270786e+03
9.261035625322796477e+03
9.212924002083007508e+03
9.159930395866371327e+03
9.115503559781071090e+03
9.065625170571158378e+03
8.989047869242804154e+03
8.931515432266633070e+03
8.869889066638177610e+03
8.803671121227116600e+03
8.731617442714048593e+03
8.647070508495182366e+03
8.546737674009582406e+03
8.472030651491599201e+03
8.368840021336098289e+03
8.260660127593384459e+03
8.130216884550747636e+03
7.943956660310068401e+03
7.813214739093267781e+03
7.594780443355970419e+03
