1.599062760020908399e+03
1.605772370122960410e+03
1.609705412062638516e+03
1.614578828477865954e+03
1.619980750308375036e+03
1.623579889958415151e+03
1.628054939812250268e+03
1.636098274424227611e+03
1.641051500485652241e+03
1.645512967319896688e+03
1.650663800961973038e+03
1.655953464478511933e+03
1.660145467399716836e+03
1.664638820813209350e+03
1.671182069696363897e+03
1.675866271864953660e+03
1.680701200649216162e+03
1.685716587295355566e+03
1.690992473832943233e+03
1.696976351812967550e+03
1.703830519983567001e+03
1.708783767802211287e+03
1.715442578104713903e+03
1.722223806249751988e+03
1.730165662559465545e+03
1.741127056252080138e+03
1.748593277684688701e+03
1.760712038366841171e+03
