2.143536823341909781e+01
2.143386518065621971e+01
2.143225705972720263e+01
2.143078093772730242e+01
2.142931845734053553e+01
2.142722824830064354e+01
2.142491171148197893e+01
2.142189428398044626e+01
2.141863487647368913e+01
2.141648937467763503e+01
2.141268929084028017e+01
2.141021543910198943e+01
2.140717349568355132e+01
2.140418317671291248e+01
2.139964101375703009e+01
2.139272408782553114e+01
2.138868766158163481e+01
2.138531849483238645e+01
2.138163126301886052e+01
2.137665602728874603e+01
2.137234280999637548e+01
2.136836370721876932e+01
2.136044279846410276e+01
2.135594419706971436e+01
2.134725878607287086e+01
