8.704344212833946131e+02
9.059075825443082977e+02
9.395057433714370063e+02
9.731039559595932360e+02
1.009650881431860739e+03
1.040451789719473027e+03
1.069762526395880286e+03
1.111436597266914077e+03
1.151544809712548613e+03
1.181600760067755346e+03
1.217743706237367405e+03
1.246044324005801400e+03
1.291898636934226715e+03
1.326317765376307989e+03
1.360736875695796016e+03
1.397814274733857474e+03
1.431014682975425103e+03
1.471653223484499222e+03
1.527142638094269387e+03
1.559316568620357884e+03
1.591490308723319458e+03
1.623663846763797210e+03
1.655837192925187537e+03
1.718870131328906609e+03
1.781902787644024102e+03
1.819673109044661260e+03
1.845333192267485174e+03
1.885739622087131693e+03
1.926146053687960830e+03
1.966552490179501547e+03
2.006958927960684832e+03
2.039236029010204447e+03
2.093649203520153151e+03
2.148058845525094966e+03
