2.784334715189605049e+03
2.769049623962378973e+03
2.751263995070027249e+03
2.736123661421852375e+03
2.716262087397787582e+03
2.704341459008966922e+03
2.693001509968345545e+03
2.675719599467862736e+03
2.664824234195713871e+03
2.648386246468995523e+03
2.637402936532521380e+03
2.625763243074149614e+03
2.615455875603944150e+03
2.592779506634215068e+03
2.579972797780483234e+03
2.567748841294262547e+03
2.557229535645219130e+03
2.547181616082494656e+03
2.537844007208890162e+03
2.526416297806661078e+03
2.517721037857355441e+03
2.509070629676543376e+03
2.499044871333294850e+03
2.488639414137971471e+03
2.478784379736754090e+03
2.469025611119122459e+03
2.456869694961564619e+03
2.447204019030782092e+03
