6.093688648818104348e+00
6.093878135730355083e+00
6.094099004459518021e+00
6.094319540173653849e+00
6.094513725251399450e+00
6.094742700968009075e+00
6.094972743166595208e+00
6.095165397628631965e+00
6.095394309315233627e+00
6.095638945134495223e+00
6.095832723372086370e+00
6.096054457822522643e+00
6.096314721004305603e+00
6.096517114182132602e+00
6.096725015500541467e+00
6.096995846143864028e+00
6.097216888338265584e+00
6.097409271515648044e+00
6.097679859924075352e+00
6.097927856458436047e+00
6.098110323364663188e+00
6.098367061438239034e+00
6.098644373247591233e+00
6.098829186431601102e+00
6.099060034487256310e+00
6.099360749600100107e+00
6.099564373517660343e+00
6.099763902392323800e+00
6.100072647528731906e+00
6.100308060866714399e+00
6.100481270799555489e+00
6.100782292758435865e+00
6.101055988348242920e+00
6.101212800948765391e+00
6.101492647996691332e+00
6.101801937335270765e+00
6.101951683591651410e+00
6.102220549641337755e+00
6.102539803458043366e+00
6.102624299768496741e+00
6.104088418517743975e+00
