2.000000256323234282e+01
1.999945516226220121e+01
1.999889046408696558e+01
1.999830522072441141e+01
1.999769212426768661e+01
1.999704378147121275e+01
1.999635225971454844e+01
1.999560911351395021e+01
1.999480524695618300e+01
1.999393086120279150e+01
1.999297532710035341e+01
1.999192708566199883e+01
1.999077353724501904e+01
1.998950090768924781e+01
1.998809412298486521e+01
1.998653666439806997e+01
1.998481041282999371e+01
1.998289547442940162e+01
1.998077000186060204e+01
1.997840999794394889e+01
1.997578910232630278e+01
1.997287835761945374e+01
1.996964596443135775e+01
1.996605700874043521e+01
1.996207315393856874e+01
1.995765232074494122e+01
1.995274833710851681e+01
1.994731054763838785e+01
1.994128338953041180e+01
1.993460590923323394e+01
1.992721125608173693e+01
1.991902607987359985e+01
1.990996990137224287e+01
1.989995433861900054e+01
1.988888230288484849e+01
1.987664700132563311e+01
1.986313088566924634e+01
1.984820426448310471e+01
1.983172402717544358e+01
1.981353108483185466e+01
1.979345648563726101e+01
