2.126690840999211218e+01
2.142686169699092957e+01
2.144900244792759736e+01
2.122821757773485274e+01
2.114098905658118355e+01
2.102542577838332249e+01
2.100207565056755854e+01
2.101242365406625723e+01
2.106666965315000439e+01
2.113358691786186938e+01
2.122539911528235734e+01
2.122889791743480004e+01
2.114225701776155120e+01
2.106553829150244539e+01
2.105692536104157142e+01
2.105438889977621386e+01
2.105922913080141257e+01
2.107528511053123310e+01
2.108591237383669181e+01
2.111670215942903184e+01
2.108308700520119316e+01
2.105250170381565411e+01
2.104273511405076746e+01
2.105299297578288886e+01
2.108348442026855096e+01
2.109988942599268924e+01
2.108864511586835988e+01
2.107123460574869256e+01
2.104647013140515455e+01
2.104144898919602014e+01
2.107060709894977180e+01
2.108973511229475406e+01
2.108952069913377869e+01
2.102849749188639805e+01
2.099898629510334658e+01
2.101229283094949096e+01
2.105934008255592360e+01
2.109244381206546137e+01
2.107480383865441453e+01
2.106720303597669641e+01
2.113583092759914450e+01
2.122866763475900598e+01
2.123112730590353081e+01
2.122412339558198013e+01
2.120191564336868950e+01
2.117889034751699384e+01
2.119167592877371931e+01
2.123492560169097487e+01
2.126417319711705645e+01
2.125784115366926486e+01
2.124968932672797450e+01
2.124016565453203143e+01
2.123692874424068933e+01
2.125013216682632944e+01
2.128015957527996349e+01
2.130667009018485913e+01
2.132253963820743081e+01
2.133049508940412053e+01
2.133243493264802737e+01
2.133247545052763527e+01
2.133245120048017895e+01
2.134394691610740580e+01
2.138718176766546719e+01
2.145130683709089325e+01
2.149571026996849099e+01
2.151030311846357534e+01
2.153298245181806791e+01
2.158993169454222283e+01
2.167937034553569475e+01
2.169190175539046450e+01
2.169076224471604775e+01
2.168157728597198641e+01
2.170236835825436827e+01
2.175806611933156276e+01
2.180791045629985092e+01
2.181696388168429834e+01
2.180118635555125195e+01
2.180143295490143629e+01
2.183503270613239522e+01
2.188549516380000526e+01
2.191744817424525138e+01
2.191282539905486004e+01
2.189066918862478772e+01
2.188937487546695593e+01
2.192830815723471716e+01
2.197041334701307491e+01
2.203132739874038393e+01
2.201907404083468833e+01
2.203613079497605298e+01
2.214523153089112739e+01
2.226602826083390241e+01
2.227595479357283637e+01
2.226548697551583089e+01
2.222608685440312826e+01
2.227899903704346229e+01
2.241344507859385971e+01
