4.728267902851952385e+03
4.732894914527775654e+03
4.738281088404132788e+03
4.742868134719816226e+03
4.748888470753943693e+03
4.752503452295266470e+03
4.755943554971209778e+03
4.761188605774147618e+03
4.764496895504135864e+03
4.769490556757362356e+03
4.772828841117487173e+03
4.776368180865840259e+03
4.779503788600884036e+03
4.786407086518795040e+03
4.790308985421144826e+03
4.794035644522009534e+03
4.797244527498730349e+03
4.800311360027825685e+03
4.803162999716465492e+03
4.806655169419874255e+03
4.809314070495941451e+03
4.811960828407614827e+03
4.815030472556149107e+03
4.818218869297111269e+03
4.821241112153674294e+03
4.824236401862575804e+03
4.827971310089652434e+03
4.830944392644033542e+03
