2.271701230539139942e+03
2.276082908456149653e+03
2.281791358552534348e+03
2.286079923022417006e+03
2.289854043139143869e+03
2.293929091407285341e+03
2.297638749732258930e+03
2.300765644173657165e+03
2.304324074957559787e+03
2.308094203906274743e+03
2.311424997986341623e+03
2.317213872250989880e+03
2.320291217706645057e+03
2.323371335944619204e+03
2.326956216239520472e+03
2.329699599923511414e+03
2.334234935197172035e+03
2.336891389207006796e+03
2.340181274907449733e+03
2.342596052525720097e+03
