6.107796420545946070e+00
6.108041891833898340e+00
6.108309032244031656e+00
6.108566032925254241e+00
6.108786787643892602e+00
6.109032538078666086e+00
6.109269483631668329e+00
6.109459080168034184e+00
6.109675140035592200e+00
6.109897118621884893e+00
6.110058327469827688e+00
6.110237806483101330e+00
6.110446229971175036e+00
6.110587076458135591e+00
6.110723966355478431e+00
6.110914573678661199e+00
6.111046072440816879e+00
6.111139792233331924e+00
6.111303008480007293e+00
6.111434893095490040e+00
6.111492619363907863e+00
6.111616523616755892e+00
6.111753033728356321e+00
6.111789086906736834e+00
6.111863802970765924e+00
6.112001364004627568e+00
6.112034755925956020e+00
6.112057515245735040e+00
6.112183555073334773e+00
6.112230291010764205e+00
6.112209267073472674e+00
6.112311325089645031e+00
6.112381403535820823e+00
6.112330195485564666e+00
6.112398611075692045e+00
6.112493321611469632e+00
6.112425427736893013e+00
6.112474723672707277e+00
6.112572844809763595e+00
6.112434587486513138e+00
6.113678274829767112e+00
