5.440712586690335229e+03
5.437514453374514233e+03
5.433797069240772544e+03
5.430636086526513282e+03
5.426494574575278421e+03
5.424011860304615766e+03
5.421652246762450886e+03
5.418060480065480988e+03
5.415798817041401890e+03
5.412390885701328443e+03
5.410116825939944647e+03
5.407709629109063826e+03
5.405580453201411729e+03
5.400904977957775372e+03
5.398270137884047472e+03
5.395759306902408753e+03
5.393602020450719465e+03
5.391544510972357784e+03
5.389635315469412490e+03
5.387302738420942660e+03
5.385530986278614364e+03
5.383771171683542889e+03
5.381735247684518072e+03
5.379626665688456342e+03
5.377634080950889256e+03
5.375665533147084716e+03
5.373220292581871945e+03
5.371281857024272540e+03
