4.989507262334258485e+03
4.977147469874896160e+03
4.969580084495350093e+03
4.959905010238631803e+03
4.948827022228181704e+03
4.941255718329442971e+03
4.931644748696220631e+03
4.913865164494888631e+03
4.902620000583683577e+03
4.892313274803572313e+03
4.880217373555114136e+03
4.867589629917637467e+03
4.857442775214108224e+03
4.846436874425354290e+03
4.830183590200331309e+03
4.818392443019991333e+03
4.806093136206330200e+03
4.793203224028618024e+03
4.779506236445012291e+03
4.763809070563506793e+03
4.745628597235114285e+03
4.732363942728949951e+03
4.714373418073760149e+03
4.695874632647902217e+03
4.673994554496059209e+03
4.643438369735633387e+03
4.622403048550397216e+03
4.587902521363250344e+03
