4.356578014489426096e+03
4.315156511493721155e+03
4.279653019967408000e+03
4.251948683855724084e+03
4.227694958187808879e+03
4.197055965799208025e+03
4.167201230027841120e+03
4.133057435142006398e+03
4.100670246773258441e+03
4.081343654350344423e+03
4.050209287187605241e+03
4.031716589660326918e+03
4.010582446458391132e+03
3.991299610604528880e+03
3.964417700308375515e+03
3.928074831888941389e+03
3.908990141182155185e+03
3.894084750838022956e+03
3.878729759311899670e+03
3.859432618759549769e+03
3.843886814306199994e+03
3.830422514653780581e+03
3.805847460683812187e+03
3.793071214108831100e+03
3.770524568347627792e+03
