1.832974038377097514e+01
1.833817880377884890e+01
1.834898855154261454e+01
1.835907196701643684e+01
1.837359824962460308e+01
1.838306097342597312e+01
1.839260626106445429e+01
1.840822100661333849e+01
1.841875981548065866e+01
1.843573332486865013e+01
1.844782980635402225e+01
1.846134419136802762e+01
1.847393589300296668e+01
1.850383584708528417e+01
1.852215027760400190e+01
1.854066542299849729e+01
1.855745444518106524e+01
1.857427173319660341e+01
1.859061999536442045e+01
1.861162461544851254e+01
1.862838317943888100e+01
1.864575870185147366e+01
1.866682376007666022e+01
1.868980439422790241e+01
1.871269004953387594e+01
1.873650156829062396e+01
1.876788692056721430e+01
1.879431994650775906e+01
