4.135677893440436492e+03
4.143930736554063515e+03
4.153652661339912811e+03
4.162034455660601452e+03
4.173185876524522428e+03
4.179968160584119687e+03
4.186485324610771386e+03
4.196545603008871694e+03
4.202971485917592872e+03
4.212795194547173196e+03
4.219449761110657164e+03
4.226585465141334680e+03
4.232979338736003228e+03
4.247309875414165617e+03
4.255574666197842816e+03
4.263587541454266102e+03
4.270585769141968740e+03
4.277364122996785227e+03
4.283749728845511527e+03
4.291684379727437772e+03
4.297815007749974029e+03
4.303998470227073085e+03
4.311276356612554991e+03
4.318964086734289594e+03
4.326379710041818726e+03
4.333860906194629024e+03
4.343386878143975991e+03
4.351138745677933912e+03
