2.276478725224284361e+01
2.273978910518099994e+01
2.271692816532900139e+01
2.269809680525483486e+01
2.268084752463892784e+01
2.265796852512384518e+01
2.263442012527639591e+01
2.260583780617090355e+01
2.257694446187938553e+01
2.255880355082119593e+01
2.252803749136963063e+01
2.250879149347920460e+01
2.248583337949957084e+01
2.246392278466760573e+01
2.243170285187506963e+01
2.238466217632426591e+01
2.235814716862657292e+01
2.233646686822597260e+01
2.231316189218041757e+01
2.228234272317583375e+01
2.225614612523321512e+01
2.223236546493967580e+01
2.218600877201458133e+01
2.216020144962995175e+01
2.211131004103863873e+01
