2.194017551593540105e+01
2.196279716661313230e+01
2.198262927131087352e+01
2.199841092448784607e+01
2.201246244694085519e+01
2.203054909542977313e+01
2.204855994234872441e+01
2.206966756833857701e+01
2.209023883196705640e+01
2.210279183567426742e+01
2.212348983728597673e+01
2.213608357424341122e+01
2.215077325843879308e+01
2.216447340149089484e+01
2.218408918450978362e+01
2.221168251160537466e+01
2.222673172139394637e+01
2.223878511477879982e+01
2.225150153447381385e+01
2.226795498591882350e+01
2.228163211196807580e+01
2.229381469863995946e+01
2.231696107940799934e+01
2.232952118848531242e+01
2.235271934353358603e+01
