6.292272822111329333e+03
6.290986277134888041e+03
6.289165391646723947e+03
6.285921698677605491e+03
6.281155686267481542e+03
6.277350186219647185e+03
6.271966354981204859e+03
6.260617976520221418e+03
6.252649195278710067e+03
6.244882490670756852e+03
6.235264962537597967e+03
6.224707024977810761e+03
6.215878281736602730e+03
6.205985880296613686e+03
6.190831134568075868e+03
6.179466824509574508e+03
6.167310733814559171e+03
6.154265559731434223e+03
6.140087512065167175e+03
6.123470283878066766e+03
6.103773266982109817e+03
6.089120928485626791e+03
6.068899003216401979e+03
6.047717803294003716e+03
6.022199256354044337e+03
5.985796295991969600e+03
5.960264991506324805e+03
5.917641963807940556e+03
