2.000000005886852961e+01
2.000660001022379930e+01
2.001328352299737645e+01
2.002005185913209573e+01
2.002690458488628877e+01
2.003384132387184025e+01
2.004086166859799789e+01
2.004796520273989557e+01
2.005515148605384468e+01
2.006242005703191467e+01
2.006977042244758991e+01
2.007720206931559659e+01
2.008471446905388547e+01
2.009230706677956846e+01
2.009997927757866165e+01
2.010773049671033164e+01
2.011556010340974865e+01
2.012346744502091411e+01
2.013145182988225912e+01
2.013951262740844328e+01
2.014764757847574117e+01
