9.842586575555344098e+03
9.749312032370604356e+03
9.669547513124671241e+03
9.607432132600193654e+03
9.553151026545932837e+03
9.484718703897911837e+03
9.418198682539512447e+03
9.342333442443943568e+03
9.270599322790287260e+03
9.227908123265615359e+03
9.159331677610021870e+03
9.118724165555826403e+03
9.072439675360605179e+03
9.030332960529400225e+03
8.971847010289578975e+03
8.893222841061069630e+03
8.852167053538370965e+03
8.820226347975865792e+03
8.787446459031913037e+03
8.746446847391249321e+03
8.713592704284354113e+03
8.685277312052990965e+03
8.633973951303767535e+03
8.607520541294055874e+03
8.561266016179730286e+03
