5.773368995043068708e+02
5.788622461193214122e+02
5.808935478378126618e+02
5.824544159437637063e+02
5.838542638154482347e+02
5.853948210552858882e+02
5.868249549412017814e+02
5.880520368666255990e+02
5.894737913991843925e+02
5.910111703309675022e+02
5.923975248243161786e+02
5.948744702483883202e+02
5.962286567744862396e+02
5.976120609322480277e+02
5.992597234853814143e+02
6.005496762827600605e+02
6.027418429739919929e+02
6.040629757620010878e+02
6.057403577035097442e+02
6.070026311527127518e+02
