1.305443518220598165e+01
1.307384878747922308e+01
1.309631575780373502e+01
1.311533213423035882e+01
1.314011779587507966e+01
1.315490172497268162e+01
1.316889826442097444e+01
1.319009668234073018e+01
1.320337529560911349e+01
1.322327613466447360e+01
1.323647976771792756e+01
1.325038650394336770e+01
1.326262420224126792e+01
1.328927543396265243e+01
1.330415032674476450e+01
1.331822044003293470e+01
1.333022258464704635e+01
1.334159033348974077e+01
1.335206542698321464e+01
1.336476190079967630e+01
1.337432652526765864e+01
1.338375480251851712e+01
1.339456744028234603e+01
1.340565130645557090e+01
1.341601024017350596e+01
1.342612580290639279e+01
1.343851280237489121e+01
1.344817948921269135e+01
