1.577668236856709200e+03
1.582438427234965502e+03
1.587962203216788794e+03
1.592640588945463833e+03
1.598742742455622192e+03
1.602385047263855313e+03
1.605835235122664017e+03
1.611064401984570395e+03
1.614342351451509103e+03
1.619258820680790222e+03
1.622523420841225288e+03
1.625964332339139901e+03
1.628994508937249520e+03
1.635601527011189773e+03
1.639294301557010158e+03
1.642791087356511753e+03
1.645777105087071732e+03
1.648608213115982608e+03
1.651219724898489858e+03
1.654388837403489561e+03
1.656779206424587983e+03
1.659138230815734460e+03
1.661847264521031775e+03
1.664628679003178604e+03
1.667232669984556196e+03
1.669780153245006886e+03
1.672906776716568174e+03
1.675352952522931446e+03
