1.807631563780751094e+01
1.794844446550988337e+01
1.780138784044386924e+01
1.767774522997326514e+01
1.751781855378645503e+01
1.742313489118672365e+01
1.733401429387440373e+01
1.720006398687542770e+01
1.711683010154319717e+01
1.699313190617070646e+01
1.691180235169209922e+01
1.682682821056199174e+01
1.675267257240008689e+01
1.659337421544208624e+01
1.650590722210343841e+01
1.642422933170865917e+01
1.635543876972859678e+01
1.629109641059640623e+01
1.623256182596533037e+01
1.616266922332952660e+01
1.611084651986663374e+01
1.606052165799671627e+01
1.600381713784054227e+01
1.594692055020336241e+01
1.589499409506105287e+01
1.584558565093998794e+01
1.578705779572470824e+01
1.574310410862510956e+01
