1.333729910342823587e+03
1.333665015597006459e+03
1.333577666628593761e+03
1.333509829282936607e+03
1.333448461749370836e+03
1.333380350388973056e+03
1.333316583451728548e+03
1.333261459015513537e+03
1.333197115921410841e+03
1.333126970275708572e+03
1.333063209473700454e+03
1.332948101409622495e+03
1.332884527975009860e+03
1.332819116240205176e+03
1.332740596331152574e+03
1.332678659546462995e+03
1.332572473026040598e+03
1.332507915173504443e+03
1.332425341030596428e+03
1.332362754822284842e+03
