1.958454904926152551e+01
1.946199541468548588e+01
1.935074241734328027e+01
1.925963304934352749e+01
1.917656693684249092e+01
1.906692015648590299e+01
1.895464726266467181e+01
1.881909861119393312e+01
1.868281185368953246e+01
1.859759216958298111e+01
1.845363268630135778e+01
1.836391809522345397e+01
1.825722001897968028e+01
1.815569743761244226e+01
1.800691695437056339e+01
1.779070508976975162e+01
1.766931972998787970e+01
1.757030978216861783e+01
1.746411132683322265e+01
1.732402073139937215e+01
1.720523907360623639e+01
1.709763617184911411e+01
1.688845985413432871e+01
1.677232226980519059e+01
1.655287614325438028e+01
