2.346960885390276985e+01
2.347014105193932565e+01
2.346962166232950864e+01
2.346820853451676925e+01
2.346572989757614991e+01
2.346358743284956461e+01
2.346041527725217080e+01
2.345341096274909276e+01
2.344833363242375768e+01
2.344330129653458172e+01
2.343698423234866013e+01
2.342996602569168374e+01
2.342404435736640522e+01
2.341736267102962188e+01
2.340704874290226911e+01
2.339926359406283041e+01
2.339089585683467476e+01
2.338187650027294140e+01
2.337203383846700078e+01
2.336045217755803804e+01
2.334666939136528896e+01
2.333638328960704200e+01
2.332214673121308124e+01
2.330719057353725177e+01
2.328911963889584413e+01
2.326325675859774123e+01
2.324506707758713375e+01
2.321462139135554992e+01
