1.514969045525282809e+03
1.517072770996147938e+03
1.519864484553213742e+03
1.522002074616794971e+03
1.523913566244615140e+03
1.526011116896438125e+03
1.527952638874765853e+03
1.529614156138796943e+03
1.531534265747056224e+03
1.533604506795504221e+03
1.535466031456546716e+03
1.538779378784468008e+03
1.540584055846089313e+03
1.542422738883056581e+03
1.544606167906467590e+03
1.546310671917937270e+03
1.549197504405748987e+03
1.550931331228596946e+03
1.553126267062282295e+03
1.554773289365079108e+03
