1.353008688794699810e+04
1.348587767594769139e+04
1.344670667870109173e+04
1.341525625127482090e+04
1.338704279238050913e+04
1.335043166902576741e+04
1.331363937197184532e+04
1.327009033431590251e+04
1.322719435666873323e+04
1.320079554019116404e+04
1.315689429554749404e+04
1.312995237069833092e+04
1.309830398734238588e+04
1.306856934900224405e+04
1.302562448705191491e+04
1.296446354568775132e+04
1.293073105209211826e+04
1.290351966834391169e+04
1.287462252681831887e+04
1.283694229032029762e+04
1.280536751288597770e+04
1.277704771530752623e+04
1.272272781447358284e+04
1.269296650530251827e+04
1.263746216651292707e+04
