7.589114683494841302e+03
7.587950333389961088e+03
7.586605128638485439e+03
7.585468561238531947e+03
7.583990189683682729e+03
7.583110122247154322e+03
7.582278204446589370e+03
7.581020747585483150e+03
7.580234731417217517e+03
7.579059285567186635e+03
7.578281229702434757e+03
7.577463426885167792e+03
7.576745296773764494e+03
7.575186750755077810e+03
7.574320418896682895e+03
7.573503553415343049e+03
7.572808914799333252e+03
7.572152986779449748e+03
7.571550420195376319e+03
7.570822661988891014e+03
7.570276457098221726e+03
7.569739902447535314e+03
7.569127044043381829e+03
7.568501833445713601e+03
7.567920580766367493e+03
7.567356171223207639e+03
7.566669874167290800e+03
7.566138520420580790e+03
