0	-0.0
86400	-0.0
172800	-0.0
259200	-0.0
345600	-0.0
432000	-0.0
518400	-0.0
604800	-0.0
691200	-0.0
777600	-0.0
864000	-0.0
950400	-0.0
1036800	-0.0
1123200	-0.0
1209600	-0.0
1296000	-0.0
1382400	-0.0
1468800	-0.0
1555200	-0.0
1641600	-0.0
1728000	-0.0
1814400	-0.0
1900800	-0.0
1987200	-0.0
2073600	-0.0
2160000	-0.0
2246400	-0.0
2332800	-0.0
2419200	-0.0
2505600	-0.0
2592000	-0.0
2678400	-0.0
2764800	-0.0
2851200	-0.0
2937600	-0.0
3024000	-0.0
3110400	-0.0
3196800	-0.0
3283200	-0.0
3369600	-0.0
3456000	-0.0
3542400	-0.0
3628800	-0.0
3715200	-0.0
3801600	-0.0
3888000	-0.0
3974400	-0.0
4060800	-0.0
4147200	-0.0
4233600	-0.0
4320000	-0.0
4406400	-0.0
4492800	-0.0
4579200	-0.0
4665600	-0.0
4752000	-0.0
4838400	-0.0
4924800	-0.0
5011200	-0.0
5097600	-0.0
5184000	-0.0
5270400	-0.0
5356800	-0.0
5443200	-0.0
5529600	-0.0
5616000	-0.0
5702400	-0.0
5788800	-0.0
5875200	-0.0
5961600	-0.0
6048000	-0.0
6134400	-0.0
6220800	-0.0
6307200	-0.0
6393600	-0.0
6480000	-0.0
6566400	-0.0
6652800	-0.0
6739200	-0.0
6825600	-0.0
6912000	-0.0
6998400	-0.0
7084800	-0.0
7171200	-0.0
7257600	-0.0
7344000	-0.0
7430400	-0.0
7516800	-29.959191392288986
7603200	-150.14601806167224
7689600	-166.92333333211997
7776000	-239.67353113831248
7862400	-150.14601806167224
7948800	-113.38521019301662
8035200	-150.14601806167224
8121600	-59.016310468702244
8208000	-75.82249233758152
8294400	-29.959191392288986
8380800	-59.016310468702244
8467200	-2.9718023104192675
8553600	-0.0
8640000	-0.0
8726400	-0.0
8812800	-0.0
8899200	-0.0
8985600	-0.0
9072000	-0.0
9158400	-0.0
9244800	-0.0
9331200	-0.0
9417600	-0.0
9504000	-0.0
9590400	-0.0
9676800	-0.0
9763200	-0.0
9849600	-0.0
9936000	-0.0
10022400	-4.5753889703972614
10108800	-0.0
10195200	-0.0
10281600	-47.36618810471139
10368000	-40.08772550687205
10454400	-113.38521019301662
10540800	-184.2828078557277
10627200	-440.30839210494116
10713600	-401.58609869935555
10800000	-546.3810587078547
10886400	-633.0145615944849
10972800	-818.5469891109518
11059200	-1125.0906422794233
11145600	-1245.3801994829967
11232000	-1346.783954130843
11318400	-1301.3891710582052
11404800	-1278.8870788272127
11491200	-1335.3866666569618
11577600	-1346.783954130843
11664000	-1381.1689027769894
11750400	-1415.8415999405
11836800	-1392.6946146137839
11923200	-1346.783954130843
12009600	-1267.6851881734372
12096000	-1223.2075865611748
12182400	-1135.857014482258
12268800	-1071.7744898495723
12355200	-1157.492026213443
12441600	-1201.168144493377
12528000	-1245.3801994829967
12614400	-1212.17116891637
12700800	-1324.0217120220789
12787200	-1245.3801994829967
12873600	-1190.1986149470124
12960000	-1301.3891710582052
13046400	-1168.360451788136
13132800	-1125.0906422794233
13219200	-1103.6607077493227
13305600	-1008.9445937940731
13392000	-917.1046272055419
13478400	-877.2340799472088
13564800	-789.715317319365
13651200	-847.721235451447
13737600	-877.2340799472088
13824000	-887.1462711764106
13910400	-867.3590828999627
13996800	-837.9586711490058
14083200	-808.8981675918052
14169600	-714.5374862077055
14256000	-650.8453117599405
14342400	-563.3662499959061
14428800	-504.68427707991503
14515200	-448.19439648359054
14601600	-292.82489410542405
14688000	-259.18869281923696
14774400	-246.12193307467476
14860800	-190.19534786683892
14947200	-139.29481293987155
15033600	-55.038549013117645
15120000	-23.77441848335493
15206400	-15.441937775090699
15292800	-0.0
15379200	-0.0
15465600	-0.0
15552000	-0.0
15638400	-0.0
15724800	-0.0
15811200	-0.0
15897600	-0.0
15984000	-0.0
16070400	-0.0
16156800	-0.0
16243200	-0.0
16329600	-0.0
16416000	-0.0
16502400	-0.0
16588800	-0.0
16675200	-0.0
16761600	-0.0
16848000	-0.0
16934400	-0.0
17020800	-0.0
17107200	-0.0
17193600	-0.0
17280000	-0.0
17366400	-0.0
17452800	-0.0
17539200	-0.0
17625600	-0.0
17712000	-0.0
17798400	-0.0
17884800	-0.0
17971200	-0.0
18057600	-0.0
18144000	-0.0
18230400	-0.0
18316800	-0.0
18403200	-0.0
18489600	-0.0
18576000	-0.0
18662400	-0.0
18748800	-0.0
18835200	-0.0
18921600	-0.0
19008000	-0.0
19094400	-0.0
19180800	-0.0
19267200	-0.0
19353600	-0.0
19440000	-0.0
19526400	-0.0
19612800	-0.0
19699200	-0.0
19785600	-0.0
19872000	-0.0
19958400	-0.0
20044800	-0.0
20131200	-0.0
20217600	-0.0
20304000	-0.0
20390400	-0.0
20476800	-0.0
20563200	-0.0
20649600	-0.0
20736000	-0.0
20822400	-0.0
20908800	-0.0
20995200	-0.0
21081600	-0.0
21168000	-0.0
21254400	-0.0
21340800	-0.0
21427200	-0.0
21513600	-0.0
21600000	-0.0
21686400	-0.0
21772800	-0.0
21859200	-0.0
21945600	-0.0
22032000	-0.0
22118400	-0.0
22204800	-0.0
22291200	-0.0
22377600	-0.0
22464000	-0.0
22550400	-0.0
22636800	-0.0
22723200	-0.0
22809600	-0.0
22896000	-0.0
22982400	-0.0
23068800	-0.0
23155200	-0.0
23241600	-0.0
23328000	-0.0
23414400	-0.0
23500800	-0.0
23587200	-0.0
23673600	-0.0
23760000	-0.0
23846400	-0.0
23932800	-0.0
24019200	-0.0
24105600	-0.0
24192000	-0.0
24278400	-0.0
24364800	-0.0
24451200	-0.0
24537600	-0.0
24624000	-0.0
24710400	-0.0
24796800	-0.0
24883200	-0.0
24969600	-0.0
25056000	-0.0
25142400	-0.0
25228800	-0.0
25315200	-0.0
25401600	-0.0
25488000	-0.0
25574400	-0.0
25660800	-0.0
25747200	-0.0
25833600	-0.0
25920000	-0.0
26006400	-0.0
26092800	-0.0
26179200	-0.0
26265600	-0.0
26352000	-0.0
26438400	-0.0
26524800	-0.0
26611200	-0.0
26697600	-0.0
26784000	-0.0
26870400	-0.0
26956800	-0.0
27043200	-0.0
27129600	-0.0
27216000	-0.0
27302400	-0.0
27388800	-0.0
27475200	-0.0
27561600	-0.0
27648000	-0.0
27734400	-0.0
27820800	-0.0
27907200	-0.0
27993600	-0.0
28080000	-0.0
28166400	-0.0
28252800	-0.0
28339200	-0.0
28425600	-0.0
28512000	-0.0
28598400	-0.0
28684800	-0.0
28771200	-0.0
28857600	-0.0
28944000	-0.0
29030400	-0.0
29116800	-0.0
29203200	-0.0
29289600	-0.0
29376000	-0.0
29462400	-0.0
29548800	-0.0
29635200	-0.0
29721600	-0.0
29808000	-0.0
29894400	-0.0
29980800	-0.0
30067200	-0.0
30153600	-0.0
30240000	-0.0
30326400	-0.0
30412800	-0.0
30499200	-0.0
30585600	-0.0
30672000	-0.0
30758400	-0.0
30844800	-0.0
30931200	-0.0
31017600	-43.67639566170936
31104000	-123.53550220072559
31190400	-36.60311176317809
31276800	-43.67639566170936
31363200	-29.959191392288986
31449600	-0.0
31536000	-0.0
