0	-5.98
86400	-6.29
172800	-5.78
259200	-5.76
345600	-5.52
432000	-5.88
518400	-5.46
604800	-5.58
691200	-4.33
777600	-5.96
864000	-6.45
950400	-6.95
1036800	-6.89
1123200	-7.17
1209600	-7.62
1296000	-7.86
1382400	-7.52
1468800	-7.82
1555200	-7.98
1641600	-8.0
1728000	-7.86
1814400	-7.25
1900800	-6.39
1987200	-5.84
2073600	-6.13
2160000	-6.13
2246400	-5.58
2332800	-5.88
2419200	-5.6
2505600	-5.64
2592000	-5.42
2678400	-5.36
2764800	-6.45
2851200	-5.82
2937600	-6.04
3024000	-6.11
3110400	-5.44
3196800	-6.35
3283200	-5.78
3369600	-6.0
3456000	-6.53
3542400	-6.35
3628800	-6.39
3715200	-6.55
3801600	-6.73
3888000	-6.81
3974400	-6.87
4060800	-6.89
4147200	-6.87
4233600	-6.79
4320000	-6.71
4406400	-6.77
4492800	-6.43
4579200	-6.09
4665600	-5.42
4752000	-5.92
4838400	-5.68
4924800	-5.86
5011200	-6.89
5097600	-8.08
5184000	-8.52
5270400	-9.27
5356800	-10.11
5443200	-11.08
5529600	-11.93
5616000	-11.44
5702400	-11.08
5788800	-13.14
5875200	-14.57
5961600	-13.7
6048000	-13.84
6134400	-16.22
6220800	-17.25
6307200	-17.99
6393600	-17.79
6480000	-17.55
6566400	-17.85
6652800	-18.62
6739200	-18.11
6825600	-18.32
6912000	-18.11
6998400	-18.72
7084800	-19.61
7171200	-18.82
7257600	-18.92
7344000	-19.22
7430400	-20.35
7516800	-19.32
7603200	-19.4
7689600	-19.48
7776000	-19.57
7862400	-20.11
7948800	-19.75
8035200	-20.03
8121600	-21.36
8208000	-19.06
8294400	-18.34
8380800	-18.05
8467200	-18.01
8553600	-17.37
8640000	-17.37
8726400	-17.89
8812800	-15.74
8899200	-14.81
8985600	-14.97
9072000	-15.62
9158400	-13.84
9244800	-13.46
9331200	-13.3
9417600	-13.44
9504000	-13.7
9590400	-13.72
9676800	-13.82
9763200	-14.08
9849600	-14.0
9936000	-14.41
10022400	-15.07
10108800	-17.01
10195200	-15.8
10281600	-15.84
10368000	-16.84
10454400	-17.85
10540800	-18.86
10627200	-19.91
10713600	-19.77
10800000	-20.75
10886400	-20.75
10972800	-21.56
11059200	-22.37
11145600	-22.77
11232000	-22.57
11318400	-23.17
11404800	-22.57
11491200	-24.78
11577600	-24.78
11664000	-24.38
11750400	-24.18
11836800	-22.77
11923200	-22.37
12009600	-22.37
12096000	-22.37
12182400	-22.16
12268800	-22.16
12355200	-21.96
12441600	-21.76
12528000	-22.16
12614400	-22.77
12700800	-22.37
12787200	-21.96
12873600	-21.96
12960000	-21.96
13046400	-22.57
13132800	-21.96
13219200	-21.76
13305600	-21.96
13392000	-21.96
13478400	-21.36
13564800	-21.16
13651200	-20.96
13737600	-20.75
13824000	-20.55
13910400	-20.55
13996800	-20.55
14083200	-20.35
14169600	-19.99
14256000	-19.95
14342400	-19.42
14428800	-19.04
14515200	-18.56
14601600	-18.15
14688000	-17.69
14774400	-17.35
14860800	-17.09
14947200	-16.87
15033600	-15.94
15120000	-15.31
15206400	-14.77
15292800	-14.27
15379200	-14.04
15465600	-13.68
15552000	-13.38
15638400	-13.46
15724800	-13.32
15811200	-13.08
15897600	-12.96
15984000	-13.12
16070400	-13.22
16156800	-13.22
16243200	-13.2
16329600	-13.12
16416000	-13.16
16502400	-13.24
16588800	-13.36
16675200	-13.36
16761600	-13.28
16848000	-13.12
16934400	-13.06
17020800	-12.84
17107200	-12.75
17193600	-12.45
17280000	-12.25
17366400	-12.33
17452800	-12.23
17539200	-11.79
17625600	-11.79
17712000	-11.47
17798400	-11.24
17884800	-10.92
17971200	-10.58
18057600	-10.46
18144000	-9.99
18230400	-10.09
18316800	-9.73
18403200	-9.53
18489600	-9.33
18576000	-8.95
18662400	-9.17
18748800	-8.89
18835200	-8.7
18921600	-8.68
19008000	-8.64
19094400	-8.36
19180800	-8.42
19267200	-8.34
19353600	-8.26
19440000	-8.4
19526400	-8.3
19612800	-8.18
19699200	-8.3
19785600	-8.02
19872000	-8.06
19958400	-8.02
20044800	-7.78
20131200	-7.86
20217600	-7.56
20304000	-7.58
20390400	-7.39
20476800	-7.62
20563200	-7.7
20649600	-7.37
20736000	-7.11
20822400	-7.15
20908800	-7.09
20995200	-6.77
21081600	-6.85
21168000	-7.01
21254400	-7.44
21340800	-8.52
21427200	-8.26
21513600	-7.7
21600000	-7.33
21686400	-7.19
21772800	-7.15
21859200	-6.63
21945600	-6.45
22032000	-6.49
22118400	-6.37
22204800	-6.79
22291200	-6.63
22377600	-6.53
22464000	-6.53
22550400	-6.49
22636800	-6.63
22723200	-6.61
22809600	-6.35
22896000	-6.49
22982400	-6.29
23068800	-5.96
23155200	-5.82
23241600	-5.56
23328000	-5.54
23414400	-5.78
23500800	-5.9
23587200	-5.84
23673600	-5.82
23760000	-5.82
23846400	-5.9
23932800	-5.66
24019200	-5.62
24105600	-5.66
24192000	-5.72
24278400	-5.68
24364800	-5.64
24451200	-5.6
24537600	-5.56
24624000	-5.52
24710400	-5.48
24796800	-5.44
24883200	-5.26
24969600	-5.08
25056000	-5.12
25142400	-5.8
25228800	-5.18
25315200	-4.86
25401600	-4.51
25488000	-4.27
25574400	-4.33
25660800	-4.31
25747200	-4.33
25833600	-4.25
25920000	-5.02
26006400	-5.2
26092800	-4.71
26179200	-5.2
26265600	-4.9
26352000	-4.9
26438400	-5.38
26524800	-5.46
26611200	-5.16
26697600	-4.86
26784000	-5.02
26870400	-5.02
26956800	-5.56
27043200	-6.17
27129600	-5.52
27216000	-5.4
27302400	-5.32
27388800	-5.2
27475200	-5.04
27561600	-5.18
27648000	-5.8
27734400	-5.12
27820800	-4.98
27907200	-4.96
27993600	-4.94
28080000	-4.96
28166400	-5.86
28252800	-5.84
28339200	-6.31
28425600	-6.89
28512000	-8.7
28598400	-9.45
28684800	-9.71
28771200	-9.91
28857600	-10.07
28944000	-10.72
29030400	-10.42
29116800	-10.66
29203200	-11.08
29289600	-12.53
29376000	-13.3
29462400	-13.1
29548800	-13.92
29635200	-14.61
29721600	-15.13
29808000	-15.49
29894400	-15.88
29980800	-15.88
30067200	-15.74
30153600	-16.2
30240000	-17.29
30326400	-16.74
30412800	-16.14
30499200	-16.08
30585600	-16.16
30672000	-16.95
30758400	-18.05
30844800	-17.51
30931200	-17.71
31017600	-17.41
31104000	-19.1
31190400	-17.23
31276800	-17.07
31363200	-17.09
31449600	-16.74
31536000	-17.33
