4.555348374785495253e+03
4.551354435782021028e+03
4.547958263454288499e+03
4.545326915512631786e+03
4.543037750253944978e+03
4.540166514412075230e+03
4.537392520406999211e+03
4.534251240168474396e+03
4.531305280209677221e+03
4.529564335766585828e+03
4.526788917559091715e+03
4.525158812111659245e+03
4.523314090226368535e+03
4.521649194812582209e+03
4.519359878125854266e+03
4.516330717045077108e+03
4.514774314959036019e+03
4.513577132065900514e+03
4.512362205759126482e+03
4.510864336445623849e+03
4.509683548086642077e+03
4.508681517707249441e+03
4.506908472680038358e+03
4.506018991612370883e+03
4.504512655191712838e+03
