1.344870167097468894e+01
1.344649960460225913e+01
1.344441234010587571e+01
1.344264535080634992e+01
1.344099209737503742e+01
1.343875195681860468e+01
1.343639432361071151e+01
1.343346800860355295e+01
1.343044406971617377e+01
1.342851431053399835e+01
1.342519076677408663e+01
1.342308128687193047e+01
1.342053633308533378e+01
1.341808008167428312e+01
1.341442256236950037e+01
1.340899285950179554e+01
1.340588906094162702e+01
1.340332958536285979e+01
1.340055767968838474e+01
1.339686085220161615e+01
1.339369202408690995e+01
1.339079541197536471e+01
1.338509725225256908e+01
1.338189704632952726e+01
1.337578308785827907e+01
