1.941217147425476242e+01
1.942910591918798957e+01
1.944377484812968504e+01
1.945532792570060465e+01
1.946552399211047302e+01
1.947852120841708867e+01
1.949132044884523651e+01
1.950613567940634496e+01
1.952037992646052800e+01
1.952897649643789890e+01
1.954299071521031550e+01
1.955141899596343080e+01
1.956115452133328958e+01
1.957014066004833097e+01
1.958284785656201166e+01
1.960040093652031601e+01
1.960981312253566600e+01
1.961726846402027746e+01
1.962505287908815532e+01
1.963500015145468325e+01
1.964316059205773612e+01
1.965034556483171357e+01
1.966377646321326367e+01
1.967094224255160384e+01
1.968394732523065471e+01
