1.716541648446719819e+03
1.714513607229377840e+03
1.711876031649895140e+03
1.709898110162724379e+03
1.708160164751282537e+03
1.706286652214623928e+03
1.704583993008864581e+03
1.703151044948740036e+03
1.701522956544149565e+03
1.699801218655248704e+03
1.698283023173780293e+03
1.695651395780961593e+03
1.694256303106059704e+03
1.692862847511401242e+03
1.691244917411410142e+03
1.690009775348502444e+03
1.687974014361911713e+03
1.686785458586533878e+03
1.685317753006481553e+03
1.684243668591205051e+03
