4.091054150032177006e+01
4.091843695917231827e+01
4.092545183871558834e+01
4.093148570429963229e+01
4.093643935100116948e+01
4.094021881690704134e+01
4.094273654441458632e+01
4.094391256588955486e+01
4.094367556409854814e+01
4.094196366854437485e+01
4.093872517368046005e+01
4.093391893142992188e+01
4.092751469733772751e+01
4.091949320781555599e+01
4.090984607076627100e+01
4.089857555627397545e+01
4.088569417177389909e+01
4.087122414096131706e+01
4.085519672607713915e+01
4.083765151713518549e+01
4.081863558276116777e+01
4.079820255716272470e+01
4.077641177567556952e+01
4.075332730187890462e+01
4.072901701047803869e+01
4.070355171110914938e+01
4.067700428307816196e+01
4.064944891555568773e+01
4.062096036906983443e+01
4.059161341794507649e+01
4.056148230229605645e+01
4.053064033936909283e+01
4.049915967174440823e+01
4.046711107528814466e+01
4.043456397098140087e+01
4.040158647208645704e+01
4.036824561062609007e+01
4.033460768140637498e+01
4.030073854850278536e+01
4.026670474864304339e+01
4.023256738239376062e+01
