2.282501772719728450e+01
2.287030385080656458e+01
2.290938351166485631e+01
2.294006086811367240e+01
2.296705766620186751e+01
2.300136201537479508e+01
2.303501901742523472e+01
2.307381483001940126e+01
2.311094222383792030e+01
2.313326278339365416e+01
2.316950375998263567e+01
2.319120830914090092e+01
2.321619013180499991e+01
2.323916074485233452e+01
2.327149161556045343e+01
2.331584116138030893e+01
2.333946362536108765e+01
2.335809172424310276e+01
2.337746017658406572e+01
2.340208263896708019e+01
2.342217014636205974e+01
2.343976873312699638e+01
2.347243244081155922e+01
2.348972771161422557e+01
2.352086481098459458e+01
