6.101864106078008554e+00
6.103051211932140951e+00
6.104251971177823144e+00
6.105468218675785153e+00
6.106699218088892600e+00
6.107945180090823101e+00
6.109206065933980412e+00
6.110481563166898056e+00
6.111771851190902716e+00
6.113076681298737824e+00
6.114395946251832470e+00
6.115729647722948137e+00
6.117077584247210709e+00
6.118439804655332104e+00
6.119815993033540735e+00
6.121206118347492620e+00
6.122610110996768107e+00
6.124027665103226603e+00
6.125458947226695372e+00
6.126903456560630623e+00
6.128366079038676695e+00
