4.215733724056444771e+02
4.089630355866156037e+02
3.932347616634689302e+02
3.819719688025028290e+02
3.724768446124742809e+02
3.626869441013615756e+02
3.542152097244189122e+02
3.474177821627160370e+02
3.400847011643568862e+02
3.328086363315308063e+02
3.268274190055731765e+02
3.175044706919324540e+02
3.131435533553645882e+02
3.092236120096646914e+02
3.052579777293530583e+02
3.026849139300048819e+02
2.993787130029524519e+02
2.980321978156478622e+02
2.970197076228233755e+02
2.967703388362359647e+02
