7.853898518318024799e+03
7.857367388939152988e+03
7.861349136764366449e+03
7.864690094945109195e+03
7.869001308018378950e+03
7.871547819098364926e+03
7.873940330957001606e+03
7.877527631988636131e+03
7.879750968286742136e+03
7.883046187466735319e+03
7.885206314151713741e+03
7.887457232718778869e+03
7.889416100735043983e+03
7.893604507539333099e+03
7.895891247984843176e+03
7.898016944327944657e+03
7.899799042940891923e+03
7.901458263452098436e+03
7.902960519895588732e+03
7.904744090761566440e+03
7.906058414356417416e+03
7.907327193679228913e+03
7.908746614444695297e+03
7.910158190010800354e+03
7.911433337895895420e+03
7.912632685243334890e+03
7.914031588393810125e+03
7.915062504320681001e+03
