4.004681500586299592e+01
4.004999660577300347e+01
4.005321783178981576e+01
4.005647932785945642e+01
4.005978018607753910e+01
4.006311967503778249e+01
4.006649709940143111e+01
4.006991176188000026e+01
4.007336300324316625e+01
4.007685012201513075e+01
4.008037243618402101e+01
4.008392921444233536e+01
4.008751972344933989e+01
4.009114320433630496e+01
4.009479886580936636e+01
4.009848590772575250e+01
4.010220347956698106e+01
4.010595072283828699e+01
4.010972674052492692e+01
4.011353061385112539e+01
4.011736140589674449e+01
4.012121813854088970e+01
4.012509982317923374e+01
4.012900542642968560e+01
4.013293389420111623e+01
4.013688414601399757e+01
4.014085505229463990e+01
4.014484547946067750e+01
4.014885423936920006e+01
4.015288012748414559e+01
4.015692190269157180e+01
4.016097828055595187e+01
4.016504795876016232e+01
4.016912957104076298e+01
4.017322175396117956e+01
4.017732306849389801e+01
4.018143206085716912e+01
4.018554721845729460e+01
4.018966698798014647e+01
4.019378984861402415e+01
4.019791278238228927e+01
