5.525259022465365888e+03
5.506993933356478919e+03
5.496502291188584422e+03
5.483701152899297995e+03
5.469747692961959729e+03
5.460577900764106744e+03
5.449307935081334108e+03
5.429388507542612388e+03
5.417319340037023721e+03
5.406567130157406609e+03
5.394284688825197918e+03
5.381808490025124229e+03
5.372014283879900177e+03
5.361602461492677321e+03
5.346591732989234515e+03
5.335949656268756371e+03
5.325051021378981204e+03
5.313833354933546616e+03
5.302124805559884408e+03
5.288953184527624217e+03
5.273999516510751164e+03
5.263277322492012900e+03
5.248968805178847106e+03
5.234515644114023416e+03
5.217732303464490542e+03
5.194806094531935742e+03
5.179338492814616075e+03
5.154470559688031244e+03
