4.611086211380274449e+02
4.613797368034366286e+02
4.617640425031772224e+02
4.620773221242425848e+02
4.623715164409032923e+02
4.627096918130872041e+02
4.630370932781444822e+02
4.633283089043344489e+02
4.636775804358149458e+02
4.640695288918309984e+02
4.644356455622322528e+02
4.651195551728137048e+02
4.655095388187554590e+02
4.659196245955511699e+02
4.664234034651138927e+02
4.668294240456091870e+02
4.675427186318018471e+02
4.679867044765734931e+02
4.685656408043224133e+02
4.690125016447423150e+02
