1.721301867600514925e+03
1.719851469552516392e+03
1.717825174223898784e+03
1.716194890842942186e+03
1.714678857788710729e+03
1.712951710985144928e+03
1.711293482060387760e+03
1.709828716485083532e+03
1.708083253178904215e+03
1.706137672349260356e+03
1.704331573505010283e+03
1.700983304675689169e+03
1.699087220588804485e+03
1.697102592494358532e+03
1.694676266552474772e+03
1.692729370990874941e+03
1.689325838985028440e+03
1.687217153235607611e+03
1.684477789974007692e+03
1.682370717449995936e+03
