1.440048805915950147e+01
1.439564494526829286e+01
1.438952782279117493e+01
1.438508428739409695e+01
1.438128826992360665e+01
1.437731661985053933e+01
1.437382209521333998e+01
1.437097091684295336e+01
1.436783684314864828e+01
1.436465186678902839e+01
1.436196086067907451e+01
1.435757859848664886e+01
1.435541254166334291e+01
1.435336679083455635e+01
1.435114975679798377e+01
1.434958001019568208e+01
1.434724530580282931e+01
1.434603994423387441e+01
1.434472718263357471e+01
1.434389930855147810e+01
