1.989498685703850001e+01
1.996905786997225718e+01
2.003420114422499410e+01
2.008617921264732331e+01
2.013256417250170571e+01
2.019241683772978035e+01
2.025218556638866119e+01
2.032244574015949823e+01
2.039114678284724036e+01
2.043318070081176074e+01
2.050267461692896376e+01
2.054507310937825793e+01
2.059463890957373167e+01
2.064097464155176809e+01
2.070750291624987582e+01
2.080146210045328559e+01
2.085289421184193159e+01
2.089418457907395421e+01
2.093784046329784232e+01
2.099447083374566603e+01
2.104167151553529891e+01
2.108381185284172332e+01
2.116413279860483598e+01
2.120786029726172828e+01
2.128889110768865933e+01
