4.801396823863094141e+03
4.782323807645881061e+03
4.760357281505634091e+03
4.741859552879080184e+03
4.717890743157556244e+03
4.703675296748571782e+03
4.690276670002544961e+03
4.670101692885728880e+03
4.657541298003317024e+03
4.638836863470190110e+03
4.626512013625349027e+03
4.613609620735604949e+03
4.602326909479728783e+03
4.578007670433498788e+03
4.564599887206552012e+03
4.552038804972545222e+03
4.541425201831386403e+03
4.531465811869064055e+03
4.522375169299368281e+03
4.511477821493534975e+03
4.503363726455092547e+03
4.495452422497630323e+03
4.486495366570838996e+03
4.477454834936597763e+03
4.469148925091489218e+03
4.461187132771014149e+03
4.451664225335756782e+03
4.444430150309114651e+03
