1.856543102217052521e+01
1.835824906860268513e+01
1.824056059903928428e+01
1.809821150231892162e+01
1.794454834122516473e+01
1.784438646501220305e+01
1.772214587927738805e+01
1.750832214161149025e+01
1.738009863225970264e+01
1.726668019396815978e+01
1.713802904101738278e+01
1.700830982181983231e+01
1.690713497346510863e+01
1.680019805221812490e+01
1.664711546733395053e+01
1.653934126521932768e+01
1.642960007193613592e+01
1.631729649751207489e+01
1.620076364985803252e+01
1.607048286724589303e+01
1.592358951632778208e+01
1.581890781404943169e+01
1.568002771083074975e+01
1.554066385518918025e+01
1.537995584850759911e+01
1.516230973921719993e+01
1.501665476129995724e+01
1.478439919054282825e+01
