1.552636154428011395e+01
1.552776537550775338e+01
1.552904308220585250e+01
1.553019466437426743e+01
1.553122012201278856e+01
1.553211945512110503e+01
1.553289266369883137e+01
1.553353974774548973e+01
1.553406070726051169e+01
1.553445554224323999e+01
1.553472425269295343e+01
1.553486683860881001e+01
1.553488329998990203e+01
1.553477363683522228e+01
1.553453784914369962e+01
1.553417593691413501e+01
1.553368790014529921e+01
1.553306917808939147e+01
1.553232262807680542e+01
1.553144825010599206e+01
1.553044604417530650e+01
1.552931601028302033e+01
1.552805814842731102e+01
1.552667245860625833e+01
1.552515894081786918e+01
