1.937195741953719335e+03
1.936191854524078963e+03
1.935141810140701864e+03
1.934352973041376572e+03
1.933472886716636822e+03
1.933033358783248332e+03
1.932680007053117151e+03
1.932268753551468990e+03
1.932092237533804109e+03
1.931953840844777460e+03
1.931951377933225558e+03
1.932031584432412501e+03
1.932176994021562450e+03
1.932758816013877095e+03
1.933257583812792745e+03
1.933856879392179735e+03
1.934474585881323492e+03
1.935157630337732598e+03
1.935878164466473891e+03
1.936878786447708762e+03
1.937732657781219814e+03
1.938665943132031316e+03
1.939858071525028890e+03
1.941228546467072192e+03
1.942660063751888401e+03
1.944214563666918821e+03
1.946356436846151837e+03
1.948235557654224749e+03
