1.884748584790799697e+01
1.874095301608000597e+01
1.867932694112093728e+01
1.860372664488001249e+01
1.852082907329224781e+01
1.846608202380799568e+01
1.839851356435892527e+01
1.827835496993365183e+01
1.820511399578143497e+01
1.813959800910878428e+01
1.806445984274241567e+01
1.798782099769667653e+01
1.792744101364901965e+01
1.786305081142081619e+01
1.776986241397929334e+01
1.770354716706496134e+01
1.763542614925863106e+01
1.756509783128309721e+01
1.749146723345416277e+01
1.740836902270569553e+01
1.731369557928364955e+01
1.724560056290261656e+01
1.715446196331353335e+01
1.706210021874980853e+01
1.695447880425116338e+01
1.680684936481825531e+01
1.670685996151415864e+01
1.654547279868752341e+01
