1.710676275498409638e+01
1.712501401556061253e+01
1.714750517688849030e+01
1.716776678719003968e+01
1.719599015560468658e+01
1.721387141174227864e+01
1.723156955149353919e+01
1.725989283994357493e+01
1.727862825989587492e+01
1.730825331476427209e+01
1.732900382081951918e+01
1.735187406257184151e+01
1.737291656124525474e+01
1.742199238461055799e+01
1.745151601685436660e+01
1.748100504817807277e+01
1.750746501667460819e+01
1.753372727856250179e+01
1.755904407637067521e+01
1.759128961457137663e+01
1.761680756418872562e+01
1.764308417462062906e+01
1.767471180802307984e+01
1.770895202996310758e+01
1.774279940840814618e+01
1.777777095891356041e+01
1.782351594471311174e+01
1.786175939344414942e+01
