1.999999998640666377e+01
2.000002637120594784e+01
2.000005314199925976e+01
2.000008200080645793e+01
2.000011287965429574e+01
2.000014581419044646e+01
2.000018080344671034e+01
2.000021784187885032e+01
2.000025690576970305e+01
2.000029796456377085e+01
2.000034097277343648e+01
2.000038588024188613e+01
2.000043261887955026e+01
2.000048111261212114e+01
2.000053126310876905e+01
2.000058297260737561e+01
2.000063610431789130e+01
2.000069051530549302e+01
2.000074604367550535e+01
2.000080258070097727e+01
2.000085834044911337e+01
