7.352018821261330231e+03
7.349380313499164913e+03
7.347312425718019767e+03
7.344267615371332795e+03
7.340320632271532304e+03
7.337383011096498194e+03
7.333411783124093745e+03
7.325457189085820573e+03
7.320079625231386672e+03
7.314948109137839310e+03
7.308705715635008346e+03
7.301962218222153751e+03
7.296392469785751928e+03
7.290212710829641765e+03
7.280847538966893808e+03
7.273891384445177209e+03
7.266503187684311342e+03
7.258626497129186646e+03
7.250118211698652885e+03
7.240205977659428754e+03
7.228528154602094219e+03
7.219884759811061485e+03
7.208008967024024969e+03
7.195627768305843347e+03
7.180779522324291975e+03
7.159708264834499460e+03
7.144996260929920027e+03
7.120538968751390712e+03
