4.823929902160244637e+03
4.842932736147097785e+03
4.853926138485820047e+03
4.867413162246521097e+03
4.882202943227444848e+03
4.891970886986562618e+03
4.904026949328583214e+03
4.925467895462605156e+03
4.938537730049282800e+03
4.950229533422148961e+03
4.963639030748562618e+03
4.977316921492149959e+03
4.988093452932827859e+03
4.999586089322185217e+03
5.016219394217010631e+03
5.028056525280296228e+03
5.040216353559768322e+03
5.052770573093389430e+03
5.065914678613477918e+03
5.080749361092402978e+03
5.097651041086217447e+03
5.109808151340671429e+03
5.126079738740445464e+03
5.142570231457450063e+03
5.161785867482237336e+03
5.188145949166388164e+03
5.206000302992355500e+03
5.234819079539103768e+03
