7.870800739329067710e+02
7.873156634734424415e+02
7.876678542848923144e+02
7.879681992391767835e+02
7.882594374160174766e+02
7.886037722195103470e+02
7.889456878962863584e+02
7.892560846617067227e+02
7.896353247960699946e+02
7.900690022912150425e+02
7.904810260926103638e+02
7.912664117016892078e+02
7.917223773878627071e+02
7.922075038051757474e+02
7.928106902475243487e+02
7.933021227796941730e+02
7.941757860391044233e+02
7.947256377459751775e+02
7.954489344727917342e+02
7.960117440486703799e+02
