4.468713224938875896e+02
4.465800514760791771e+02
4.462211378028258082e+02
4.459677345486670674e+02
4.457569537245341280e+02
4.455429321998164482e+02
4.453610223750948194e+02
4.452177674266368967e+02
4.450665512514210604e+02
4.449208132785075236e+02
4.448051736399712581e+02
4.446356591278334349e+02
4.445630088861161084e+02
4.445033481874103813e+02
4.444514195262498788e+02
4.444252280805963551e+02
4.444097332949280030e+02
4.444179703559698282e+02
4.444473944085340236e+02
4.444834813973390624e+02
