1.983041238417423813e+01
1.999311649777325073e+01
2.002872581123633466e+01
1.985030089126547281e+01
1.977782189758303133e+01
1.968677886435788338e+01
1.967554366237668972e+01
1.969391011356350063e+01
1.975770996260129309e+01
1.983201710637720083e+01
1.993894146287291136e+01
1.996367199534408954e+01
1.991078737348005845e+01
1.986793043054016650e+01
1.986734225770027251e+01
1.988123112634796286e+01
1.989324788384002929e+01
1.992306126777650377e+01
1.994138170063496673e+01
2.001870055302542895e+01
2.002882218830957939e+01
2.002990345359642177e+01
2.004097886925945460e+01
2.008011252662575785e+01
2.013998218636320559e+01
2.018629032144578161e+01
2.019956251307220896e+01
2.019978090094831558e+01
2.019873967206395093e+01
2.024020954060369704e+01
2.029596814234012214e+01
2.034238369918655565e+01
2.034876288949155310e+01
2.034493604048890347e+01
2.034542930610476574e+01
2.038920917810887445e+01
2.046404112446566259e+01
2.053208127779607040e+01
2.055226526321326830e+01
2.056470468292526732e+01
2.067805064837505213e+01
2.081269687830370785e+01
2.082201275534484353e+01
2.083191108477150877e+01
2.083039771014557573e+01
2.083331647673988840e+01
2.087301126637006021e+01
2.094044525486025776e+01
2.099465670388941163e+01
2.101503444543562082e+01
2.101795565469992155e+01
2.102307248826107866e+01
2.103179018792459587e+01
2.106876785175975186e+01
2.112108380418269604e+01
2.116951662576202509e+01
2.120747043449362579e+01
2.123744796530547063e+01
2.125670575430013187e+01
2.126105699714183217e+01
2.126664240452043941e+01
2.130835601444552196e+01
2.137177471234037185e+01
2.145395415722916255e+01
2.151688962580415776e+01
2.155124284362511844e+01
2.159035464477243949e+01
2.166094078723147121e+01
2.176865939067877065e+01
2.178884710137272762e+01
2.179834546235763071e+01
2.180452328838600096e+01
2.183840022241640355e+01
2.190456821115978059e+01
2.196492897997388383e+01
2.198623702948976799e+01
2.198402116142890250e+01
2.199538441439551661e+01
2.203759908594881622e+01
2.209527538508160660e+01
2.213541019347598038e+01
2.214116463248131694e+01
2.213033619620732040e+01
2.213877532611843435e+01
2.218456321636220707e+01
2.223041602320780186e+01
2.230121746940863048e+01
2.230345785774310485e+01
2.233025639724063183e+01
2.244401804200640882e+01
2.256850837525555420e+01
2.259039669362753600e+01
2.258280231766802260e+01
2.256052266741566115e+01
2.261581244696289517e+01
2.274792440989069320e+01
