3.985733212250356594e+00
3.985607124246685284e+00
3.985477376663570492e+00
3.985345159539994242e+00
3.985209940862985523e+00
3.985071822197531866e+00
3.984930737098224984e+00
3.984786438960773669e+00
3.984639007022785950e+00
3.984488236664686767e+00
3.984334017351323531e+00
3.984176309624920531e+00
3.984014941451504033e+00
3.983849904398090835e+00
3.983680948782003295e+00
3.983508013981469809e+00
3.983331012305268537e+00
3.983149700792966375e+00
3.982964146921467830e+00
3.982773980222553245e+00
3.982582392825721129e+00
