2.000000008782070182e+01
2.000074559169389232e+01
2.000149958569804909e+01
2.000226359405201038e+01
2.000303747691868494e+01
2.000382116811721289e+01
2.000461458826131889e+01
2.000541766644192165e+01
2.000623032507436250e+01
2.000705248302717365e+01
2.000788404441345847e+01
2.000872491080417603e+01
2.000957498530051737e+01
2.001043416181460088e+01
2.001130232059197311e+01
2.001217933856636932e+01
2.001306509273053535e+01
2.001395944410438688e+01
2.001486222953614202e+01
2.001577336391847695e+01
2.001669112571444487e+01
