6.299314606735368216e+03
6.276147524387021804e+03
6.249349851767497057e+03
6.226679639734096781e+03
6.197149010540004383e+03
6.179544875955050884e+03
6.162885705099098232e+03
6.137669157159561109e+03
6.121883123764172524e+03
6.098239193071011869e+03
6.082562619597164485e+03
6.066060979879764091e+03
6.051548596136285596e+03
6.019974694639834524e+03
6.002372740576466640e+03
5.985738081910574692e+03
5.971560823374727988e+03
5.958144436514744484e+03
5.945792275238567527e+03
5.930835623782073526e+03
5.919580092589205378e+03
5.908495767576646358e+03
5.895798226657349915e+03
5.882799606492496423e+03
5.870668845114453688e+03
5.858841472092960430e+03
5.844386261192664278e+03
5.833129943691471453e+03
