1.825253747114355292e+03
1.824408494028485165e+03
1.823387140054305974e+03
1.822484048420196132e+03
1.821249776072761506e+03
1.820480573754781744e+03
1.819728093873824946e+03
1.818540563010681353e+03
1.817765374448805233e+03
1.816554860420605337e+03
1.815717202243843303e+03
1.814802954598383849e+03
1.813969527326569960e+03
1.812052071487330977e+03
1.810914654195987168e+03
1.809789520215605762e+03
1.808788618631718236e+03
1.807802771530855125e+03
1.806859138916068559e+03
1.805666228412417013e+03
1.804728918455029543e+03
1.803769592964374851e+03
1.802622357957851591e+03
1.801389005957367999e+03
1.800178118023867910e+03
1.798935182669834148e+03
1.797321094346932796e+03
1.795981276655591955e+03
