1.397220336111792172e+01
1.397132455892620051e+01
1.397090269284336905e+01
1.397107793019754141e+01
1.397209504124573343e+01
1.397315669941038863e+01
1.397449614351617164e+01
1.397718482664159723e+01
1.397930094462814310e+01
1.398314434134665873e+01
1.398617029826014146e+01
1.398979842833691123e+01
1.399338970199830356e+01
1.400262309242453362e+01
1.400870353728508633e+01
1.401513420941406984e+01
1.402118696395996089e+01
1.402744172374428722e+01
1.403369071078994601e+01
1.404194288531602908e+01
1.404869253311363941e+01
1.405583379815469236e+01
1.406467243323949390e+01
1.407452346307313995e+01
1.408453277862409081e+01
1.409514114681883790e+01
1.410940098540231702e+01
1.412163513519085534e+01
