5.320045830388506147e+03
5.374871425746663590e+03
5.405868680450751526e+03
5.443221594306621228e+03
5.483373883670516079e+03
5.509452582931900906e+03
5.541180707612728838e+03
5.596420877642215601e+03
5.629390766908191836e+03
5.658457620836518799e+03
5.691320058013074231e+03
5.724339983102347105e+03
5.750014343255515087e+03
5.777075732650246209e+03
5.815681553463786258e+03
5.842767932845465111e+03
5.870270346568897367e+03
5.898333804424752998e+03
5.927368121603571126e+03
5.959725021407988606e+03
5.996079085009859227e+03
6.021903858706398751e+03
6.056060393923061383e+03
6.090216778085580700e+03
6.129457816365582403e+03
6.182354723067815030e+03
6.217598110572843325e+03
6.273539565176793076e+03
