3.613976805302714638e+03
3.588129321525055275e+03
3.573584549569713090e+03
3.556123611761629945e+03
3.537434636766281983e+03
3.525340956320454552e+03
3.510674900530210380e+03
3.485264962567831844e+03
3.470174421215374423e+03
3.456917005232000520e+03
3.441981105023559394e+03
3.427029943588477636e+03
3.415443807435442523e+03
3.403268688038870550e+03
3.385965274353899531e+03
3.373871024895203391e+03
3.361629881258125351e+03
3.349179391715577367e+03
3.336341095482694982e+03
3.322085059500632724e+03
3.306132596272119827e+03
3.294842046351309364e+03
3.279961907725741639e+03
3.265142247550501907e+03
3.248191047087907009e+03
3.225467027373153087e+03
3.210407226891840764e+03
3.186635045822017219e+03
