5.026754415674266056e+03
5.024740446365281969e+03
5.022499851202236641e+03
5.020683991853451516e+03
5.018436670559452978e+03
5.017165111159235494e+03
5.016011905939976714e+03
5.014365278075956667e+03
5.013399249044087810e+03
5.012053207503437079e+03
5.011232229594122145e+03
5.010434325239275495e+03
5.009792543691416540e+03
5.008608756487807113e+03
5.008088432863240087e+03
5.007699118797184383e+03
5.007452927298643772e+03
5.007298790915374411e+03
5.007230265018832142e+03
5.007249885372210883e+03
5.007345390496530854e+03
5.007513412393687759e+03
5.007804361799394428e+03
5.008222351105546295e+03
5.008734546234454683e+03
5.009361041277692493e+03
5.010320450036707371e+03
5.011236643873595312e+03
