6.091626170732615364e+00
6.091794304106525004e+00
6.091963202551792023e+00
6.092134753896125687e+00
6.092308280494103556e+00
6.092484054829476747e+00
6.092662102985409334e+00
6.092842180837312327e+00
6.093024539209515922e+00
6.093209003759525899e+00
6.093395545660373003e+00
6.093584247314027813e+00
6.093774991634185234e+00
6.093967915411445446e+00
6.094162793792442301e+00
6.094359690262492357e+00
6.094558632710674217e+00
6.094759416819528930e+00
6.094962313155829037e+00
6.095166930315421894e+00
6.095378250237884821e+00
