6.369424716220027221e+03
6.398311488585499319e+03
6.413938655431863481e+03
6.432093581794076272e+03
6.450784586324289194e+03
6.462466664089934966e+03
6.476193472890816338e+03
6.498819593721182173e+03
6.511553321599247283e+03
6.522301814219707012e+03
6.533914602138723239e+03
6.545006609137045416e+03
6.553231799539491476e+03
6.561523192582882075e+03
6.572679937457106462e+03
6.580036156571885840e+03
6.587107528179524707e+03
6.593909932529140860e+03
6.600508358529292309e+03
6.607335483291308265e+03
6.614344032454027911e+03
6.618897149971055114e+03
6.624376287304188736e+03
6.629237042255443157e+03
6.634058092868359381e+03
6.639265210208373901e+03
6.641911271684934036e+03
6.644759419497388990e+03
