1.527137476800224292e+01
1.526019826071520136e+01
1.524525424228809811e+01
1.523372455735924724e+01
1.522334999029784619e+01
1.521189525522364328e+01
1.520122667159495933e+01
1.519204613562549788e+01
1.518137841406118582e+01
1.516980615214140826e+01
1.515933785436875247e+01
1.514055737340023455e+01
1.513024810928808073e+01
1.511968612591042316e+01
1.510706678779241940e+01
1.509715703084707705e+01
1.508025585690035619e+01
1.507003361431622857e+01
1.505701543767731643e+01
1.504718990723388927e+01
