1.599944732540145154e+01
1.595599066772208907e+01
1.593158897640185145e+01
1.590234501925461608e+01
1.587110570591240943e+01
1.585092488966546043e+01
1.582648800164813174e+01
1.578424527242590081e+01
1.575921631805050716e+01
1.573726408935550758e+01
1.571257369876509280e+01
1.568790222019636360e+01
1.566881418928723591e+01
1.564878497900045851e+01
1.562037121027445430e+01
1.560054797216662870e+01
1.558051497457705636e+01
1.556017168705318454e+01
1.553922921076105723e+01
1.551601547809575798e+01
1.549009166742063925e+01
1.547177752519639427e+01
1.544768401374485123e+01
1.542373782697424112e+01
1.539640864103127171e+01
1.535987642391357788e+01
1.533573226690127633e+01
1.529773036617047133e+01
