1.453617536779550257e+01
1.454589918758498435e+01
1.455469800745957976e+01
1.456188516853360326e+01
1.456842425368492044e+01
1.457703720916781442e+01
1.458583592853356592e+01
1.459643305829697191e+01
1.460706163278830161e+01
1.461369514244509560e+01
1.462488050351726621e+01
1.463183884377440158e+01
1.464010282083212466e+01
1.464795477694372039e+01
1.465944313823114520e+01
1.467610153263563433e+01
1.468543603576545387e+01
1.469304093500258368e+01
1.470118942788489846e+01
1.471192547417757446e+01
1.472101744688970548e+01
1.472924539699222812e+01
1.474521863015412215e+01
1.475407545384280716e+01
1.477078918387767104e+01
