4.202315046337114836e+03
4.180049293738759843e+03
4.168429345023972928e+03
4.155356478395333397e+03
4.142437044309378507e+03
4.134674874158283274e+03
4.125899048186830441e+03
4.112369304853225913e+03
4.105353167208424566e+03
4.099824256744012018e+03
4.094314487428166558e+03
4.089570520896051221e+03
4.086430665267896529e+03
4.083640889728800630e+03
4.080584222042449710e+03
4.079087627205883564e+03
4.078114801344464922e+03
4.077690031758657824e+03
4.077854320410756372e+03
4.078760856833358503e+03
4.080689122794368814e+03
4.082643723645005139e+03
4.085975104127011036e+03
4.090156295714037697e+03
4.096008933017202253e+03
4.105673444705485963e+03
4.113244005952396037e+03
4.127118653037131480e+03
