1.537928974643304869e+01
1.540722858215818469e+01
1.544381173505622229e+01
1.547144110629421476e+01
1.549586583066385614e+01
1.552235978083068701e+01
1.554659409260783498e+01
1.556711177894307774e+01
1.559056703480509931e+01
1.561554757200066490e+01
1.563773480291762930e+01
1.567657825179550102e+01
1.569738399403113149e+01
1.571832562799984245e+01
1.574285623692180636e+01
1.576175022176755469e+01
1.579323507078630762e+01
1.581183184809614595e+01
1.583503551913626950e+01
1.585219704348874359e+01
