1.532155702167150224e+01
1.533698247853009100e+01
1.535113813102430136e+01
1.536283040626117824e+01
1.537356352755961808e+01
1.538783120960277806e+01
1.540255098278010770e+01
1.542046052882314910e+01
1.543860882795240919e+01
1.545002415512517224e+01
1.546941782426006817e+01
1.548156999275201606e+01
1.549608511284601597e+01
1.550995622906834193e+01
1.553038434025684644e+01
1.556026897804964015e+01
1.557714265648273511e+01
1.559095403014546655e+01
1.560581415500288571e+01
1.562548640299086955e+01
1.564222567186144630e+01
1.565743454257164480e+01
1.568711632044968063e+01
1.570365917297488068e+01
1.573503341427319668e+01
