1.815145293194442502e+03
1.812887147045224992e+03
1.810315244963115902e+03
1.808175381520177552e+03
1.805441185443965423e+03
1.803841969453432284e+03
1.802351186566580054e+03
1.800139243741304199e+03
1.798783740225374913e+03
1.796798975192243915e+03
1.795515254037644809e+03
1.794193856594614999e+03
1.793058777573780162e+03
1.790685059514627028e+03
1.789424703363935123e+03
1.788279787999190830e+03
1.787342610019813947e+03
1.786491279037624963e+03
1.785740566906406912e+03
1.784877825100946438e+03
1.784264980048592179e+03
1.783694809786763017e+03
1.783086058577082667e+03
1.782517044567063522e+03
1.782041081911076162e+03
1.781634336921850263e+03
1.781224567522708185e+03
1.780981725808785768e+03
