1.240654264429361774e+03
1.235189377535564290e+03
1.227918185014792471e+03
1.222335881130969483e+03
1.217333086052097315e+03
1.211831379554216937e+03
1.206727720267605491e+03
1.202351512733412619e+03
1.197284290099739337e+03
1.191808894813821553e+03
1.186874855287155924e+03
1.178067579716138198e+03
1.173256914497757407e+03
1.168345665574428494e+03
1.162500486243080559e+03
1.157927492717194809e+03
1.150162471946201777e+03
1.145486674544351672e+03
1.139554210602012290e+03
1.135092952605421488e+03
