1.757926734928019741e+01
1.762622854334724565e+01
1.768062220667928486e+01
1.772670333550854238e+01
1.778682632081344650e+01
1.782272343362824074e+01
1.785673475377037533e+01
1.790829798964929154e+01
1.794063071261603071e+01
1.798914062556130489e+01
1.802136268609424263e+01
1.805533500132290570e+01
1.808526117180376147e+01
1.815054449629846545e+01
1.818705349511743563e+01
1.822164022539617889e+01
1.825118778835890154e+01
1.827921427683199695e+01
1.830507784394369963e+01
1.833647901081974751e+01
1.836017601052171244e+01
1.838357325785272067e+01
1.841045655445989482e+01
1.843807588483435822e+01
1.846395140360509046e+01
1.848928408575769211e+01
1.852040421582534080e+01
1.854477631974014074e+01
