1.470366595336386517e+01
1.471666757527713898e+01
1.473198960945766878e+01
1.474520483527708059e+01
1.476279449035807723e+01
1.477349683979913486e+01
1.478378395912078069e+01
1.479966984217227655e+01
1.480982066412874154e+01
1.482534490972988905e+01
1.483586514754999897e+01
1.484714977114142087e+01
1.485726457262448008e+01
1.487994638803030867e+01
1.489303497098801543e+01
1.490572984926314071e+01
1.491682148311284628e+01
1.492756847353796346e+01
1.493769625841582638e+01
1.495028565078881932e+01
1.496001637604368462e+01
1.496983422601833880e+01
1.498139400061146986e+01
1.499360978548022594e+01
1.500539815606176219e+01
1.501729576348502704e+01
1.503245261047566039e+01
1.504479283400625889e+01
