3.646145597165034815e+03
3.684275976169324167e+03
3.705137875883739525e+03
3.729609105093645212e+03
3.755099829468607368e+03
3.771203866255262710e+03
3.790316484708150711e+03
3.822335068087664695e+03
3.840684043084188943e+03
3.856388862393006548e+03
3.873611751577206178e+03
3.890347770152965495e+03
3.902966279653004676e+03
3.915892944501913462e+03
3.933670562090615931e+03
3.945677823456360784e+03
3.957476523484169775e+03
3.969107728680863147e+03
3.980707362295432176e+03
3.993114429935310454e+03
4.006400299352422735e+03
4.015417811915947368e+03
4.026808293946256072e+03
4.037587903189516055e+03
4.049218214142202669e+03
4.063619953206972241e+03
4.072402107367027838e+03
4.085006485313007943e+03
