1.999999995990764035e+01
2.000002018169257667e+01
2.000004028022830482e+01
2.000006195230861294e+01
2.000008512830738994e+01
2.000010984513569667e+01
2.000013610610317016e+01
2.000016391293786455e+01
2.000019325224247524e+01
2.000022410697491893e+01
2.000025644851623952e+01
2.000029024709207448e+01
2.000032545871791712e+01
2.000036203536049584e+01
2.000039991088179647e+01
2.000043902410909880e+01
2.000047927942715376e+01
2.000052057986101772e+01
2.000056281436933148e+01
2.000060593033563805e+01
2.000064820136428523e+01
