1.776368240757140171e+01
1.775542285081196781e+01
1.774592535983012453e+01
1.773794121443941307e+01
1.772761580364195666e+01
1.772150372459289258e+01
1.771575151160095629e+01
1.770710730358632645e+01
1.770173696510701689e+01
1.769375737805672699e+01
1.768851203753506240e+01
1.768303267617311292e+01
1.767825186516364866e+01
1.766798528000217416e+01
1.766235038356505171e+01
1.765709011104086201e+01
1.765266123092882822e+01
1.764852005347427877e+01
1.764475391493485290e+01
1.764025875316666969e+01
1.763692716341870792e+01
1.763369317045008700e+01
1.763005096513722947e+01
1.762639860532976144e+01
1.762306755598699937e+01
1.761990044419840373e+01
1.761615253406674597e+01
1.761334128820891110e+01
