9.329244980271844270e+02
9.344432374676083555e+02
9.364329315463234025e+02
9.379364737151906866e+02
9.392662452622489582e+02
9.407093587055181843e+02
9.420300407569069421e+02
9.431486848135284617e+02
9.444280766706644954e+02
9.457913848960494079e+02
9.470028964019302293e+02
9.491254490889788258e+02
9.502632046682854252e+02
9.514090230482808010e+02
9.527520540116081520e+02
9.537871319749551731e+02
9.555133016591097430e+02
9.565336932894241500e+02
9.578077599912564892e+02
9.587507366078251607e+02
