4.428831334758595403e+03
4.431853320972979418e+03
4.434749342887821513e+03
4.437220750625701839e+03
4.439547091983048631e+03
4.442717952196775514e+03
4.446075213653853098e+03
4.450266746845662055e+03
4.454622444671121229e+03
4.457413353936113708e+03
4.462238095499830706e+03
4.465311057159983648e+03
4.469028273548258767e+03
4.472625295995393572e+03
4.477996888123526332e+03
4.486001135852789957e+03
4.490590831645834442e+03
4.494382612224704644e+03
4.498495718551279424e+03
4.503991202587795669e+03
4.508710156945583549e+03
4.513030001821035512e+03
4.521543981277463899e+03
4.526334228801398240e+03
4.535501592641980096e+03
