4.027481018236530730e+01
4.028710586703492424e+01
4.029921768701207441e+01
4.031113884814741510e+01
4.032286124235012181e+01
4.033437721926615893e+01
4.034567955574675580e+01
4.035676148465834956e+01
4.036761678933547870e+01
4.037823977061538727e+01
4.038862534343179078e+01
4.039876899505289742e+01
4.040866686425534482e+01
4.041831574425965812e+01
4.042771309396816548e+01
4.043685708731976547e+01
4.044574659810916728e+01
4.045438125602671420e+01
4.046276143973369699e+01
4.047088831982363644e+01
4.047876387786525498e+01
4.048639090039966248e+01
4.049377303538570771e+01
4.050091477377814897e+01
4.050782148518635495e+01
4.051449943585543423e+01
4.052095578231149631e+01
4.052719862313279009e+01
4.053323696648460839e+01
4.053908078614620791e+01
4.054474100300856776e+01
4.055022948964423790e+01
4.055555910524582686e+01
4.056074365351497590e+01
4.056579794386924931e+01
4.057073772484707774e+01
4.057557972983250494e+01
4.058034163556836660e+01
4.058504204578204622e+01
4.058970065305285146e+01
4.059433559868202934e+01
