4.088924309506873669e+03
4.090748883439202018e+03
4.092530973621506291e+03
4.094072546492232050e+03
4.095538244091017532e+03
4.097555402952293662e+03
4.099711848255574296e+03
4.102429231537867054e+03
4.105277822008590192e+03
4.107114470201802760e+03
4.110307777480502409e+03
4.112352360900514213e+03
4.114835492648139734e+03
4.117247687901121026e+03
4.120865254538722183e+03
4.126285562185339586e+03
4.129407659736408277e+03
4.131993882202699751e+03
4.134805783638811590e+03
4.138572498763446674e+03
4.141815170751157893e+03
4.144789731590610245e+03
4.150668003030322325e+03
4.153983727101724071e+03
4.160344462027819645e+03
