6.139210596517333585e+00
6.139612019014235145e+00
6.140015088913553853e+00
6.140387703257673024e+00
6.140703494664247586e+00
6.141023882148975765e+00
6.141314836246464459e+00
6.141537556922609831e+00
6.141766176197252847e+00
6.141980056636900720e+00
6.142112199869507627e+00
6.142242078429440255e+00
6.142380512525323688e+00
6.142430620242910422e+00
6.142456477794949521e+00
6.142516235322060147e+00
6.142496734172012474e+00
6.142419663042400835e+00
6.142393129120173434e+00
6.142316148491513417e+00
6.142146059524343116e+00
6.142024315907339549e+00
6.141897549043648041e+00
6.141652645700891533e+00
6.141429969690530122e+00
6.141254424105509813e+00
6.140958815192417930e+00
6.140637838684495975e+00
6.140406710965562453e+00
6.140082731367646041e+00
6.139678343962245322e+00
6.139386215831312832e+00
6.139051442643742362e+00
6.138585266312405864e+00
6.138230813428416255e+00
6.137895349877134699e+00
6.137390178633540749e+00
6.136997638605961924e+00
6.136650210206849643e+00
6.136062584081054538e+00
6.136861942709081141e+00
