1.116187160912739091e+04
1.117582770419311055e+04
1.118746870622547431e+04
1.119633031281002513e+04
1.120391727525512397e+04
1.121325794134260650e+04
1.122207852243690832e+04
1.123179668681778276e+04
1.124061600590043417e+04
1.124567747729750772e+04
1.125348610810773789e+04
1.125790651444004288e+04
1.126274269204797383e+04
1.126693949273147700e+04
1.127241523057795166e+04
1.127903872653897815e+04
1.128211108507598874e+04
1.128429306940454990e+04
1.128632353086454896e+04
1.128853249407885050e+04
1.129000560775613303e+04
1.129103706232826880e+04
1.129225868840922521e+04
1.129251158611470419e+04
1.129220818818834232e+04
