2.102828380108001483e+01
2.104648089971519198e+01
2.106267541726340298e+01
2.107572567153543019e+01
2.108746839057857514e+01
2.110275588591967022e+01
2.111817468959572608e+01
2.113649607278559017e+01
2.115461672481233180e+01
2.116580441802771873e+01
2.118446937025500887e+01
2.119596046793840927e+01
2.120949396364552086e+01
2.122224319989367913e+01
2.124071409659263310e+01
2.126713533072335949e+01
2.128176468177298375e+01
2.129359504405913484e+01
2.130618647935057552e+01
2.132264810789089537e+01
2.133647954406645653e+01
2.134891360686476247e+01
2.137283762746277205e+01
2.138598627524801543e+01
2.141058445274688893e+01
