1.840207234160267546e+01
1.856100214410158245e+01
1.860302575332373820e+01
1.845424742057133116e+01
1.839242378666295963e+01
1.831812563755055123e+01
1.831405645235464874e+01
1.833631947632681758e+01
1.840338563696259300e+01
1.847939614428834787e+01
1.859126373364149742e+01
1.862703973940545055e+01
1.859473860418653146e+01
1.857222495887088343e+01
1.857615614175810492e+01
1.859882831141910486e+01
1.861450309757286448e+01
1.865113860974502558e+01
1.867323868209991389e+01
1.877472252263165942e+01
1.880976655951967302e+01
1.882914915754894380e+01
1.885195441680465223e+01
1.890658688272815979e+01
1.898157357479315266e+01
1.904372360003757692e+01
1.907079114955742938e+01
1.908125534241060706e+01
1.909410330571357406e+01
1.916169877161327051e+01
1.923160155436625729e+01
1.929300209336408045e+01
1.930317134918461974e+01
1.933439697757473041e+01
1.935353495812703528e+01
1.941525590673339963e+01
1.950564460640367770e+01
1.959416531034684539e+01
1.963831114413347834e+01
1.966359027421554018e+01
1.980397212653829087e+01
1.996385648212953612e+01
1.997767952254932666e+01
1.999907509244240700e+01
2.001211373179533481e+01
2.003343519949116214e+01
2.009175834255585968e+01
2.017557214404806842e+01
2.024732817350053438e+01
2.028763062502173042e+01
2.029905326263927279e+01
2.031551673830001192e+01
2.033353067422799754e+01
2.038896257032149251e+01
2.045866787907106144e+01
2.052467883431972595e+01
2.058102798896847219e+01
2.062999921510884249e+01
2.066456791355682654e+01
2.067277305356828876e+01
2.068339667355333589e+01
2.075269227447950726e+01
2.083510755879582632e+01
2.093497442597844937e+01
2.101675640480218377e+01
2.107174586364416413e+01
2.112865982822020428e+01
2.121503342934239100e+01
2.134583636126399853e+01
2.137596269801705873e+01
2.139946470454466265e+01
2.142690362699687867e+01
2.148133545202729167e+01
2.156711645270280542e+01
2.164855060179647950e+01
2.169304407276185742e+01
2.171574569038883595e+01
2.174883289623391391e+01
2.181053786157644225e+01
2.188665890722151985e+01
2.194658136428765971e+01
2.197462989453442006e+01
2.198728227247105949e+01
2.201783643452004924e+01
2.208315408645464473e+01
2.214191228128090572e+01
2.224306098765039508e+01
2.228075635300013246e+01
2.233433565693497513e+01
2.247189785260316341e+01
2.261954805804463575e+01
2.267480564413291333e+01
2.267378258046775485e+01
2.269302718709320033e+01
2.276050562337526983e+01
2.290126485350229757e+01
