1.470305316345290692e+01
1.468918149826405362e+01
1.467386551211865076e+01
1.466156138063950998e+01
1.464650158856142426e+01
1.463808259101097242e+01
1.463052623030471722e+01
1.461989956155190029e+01
1.461377823375062590e+01
1.460543666799912543e+01
1.460049202263235024e+01
1.459583052871708020e+01
1.459222233997546425e+01
1.458611433608624175e+01
1.458385383968033722e+01
1.458255718691092362e+01
1.458215393074057786e+01
1.458241867913413969e+01
1.458326404020271028e+01
1.458512873936567367e+01
1.458719392555937588e+01
1.458983411207051084e+01
1.459366585385876469e+01
1.459857338752777878e+01
1.460415436973958414e+01
1.461063783900669399e+01
1.462014994854614081e+01
1.462894336024727870e+01
