1.702976550222435392e+01
1.701721452754421904e+01
1.700658589167021617e+01
1.699838142709651123e+01
1.699126757224006923e+01
1.698237886201582469e+01
1.697383067180463456e+01
1.696420304960441428e+01
1.695523114390198316e+01
1.694995825006148138e+01
1.694160264563507567e+01
1.693672723752780129e+01
1.693124215139364352e+01
1.692632430365372187e+01
1.691961919117072810e+01
1.691086767304624416e+01
1.690643519749290391e+01
1.690306086868932667e+01
1.689967215805523892e+01
1.689555129735611771e+01
1.689235475299231837e+01
1.688968449878981559e+01
1.688507655495916637e+01
1.688283464637174092e+01
1.687917975947168614e+01
