1.742663366325357686e+02
1.755973230242261138e+02
1.773372224912527031e+02
1.786490027774061957e+02
1.798069288892697557e+02
1.810610694909964309e+02
1.822064603288747264e+02
1.831748056231478472e+02
1.842801744968305400e+02
1.854554519918295341e+02
1.864975324342191527e+02
1.883176712108830770e+02
1.892902551806758993e+02
1.902674567410804798e+02
1.914098173433927172e+02
1.922879084854868950e+02
1.937475284109338247e+02
1.946074240325320943e+02
1.956778706697661789e+02
1.964677314141373472e+02
