6.124405749286928824e+00
6.124790602656329241e+00
6.125220744255329919e+00
6.125656127001116502e+00
6.126062267297486486e+00
6.126492497230299428e+00
6.126904192093082457e+00
6.127250233521160716e+00
6.127596666248703805e+00
6.127914939976836450e+00
6.128130681831656545e+00
6.128316419318393216e+00
6.128476602493305059e+00
6.128508790853090638e+00
6.128472014019838099e+00
6.128420063871446111e+00
6.128236435800232584e+00
6.127940012872964637e+00
6.127636650212616054e+00
6.127224184498557769e+00
6.126659352901006272e+00
6.126083270275932691e+00
6.125443175164742016e+00
6.124627222795590242e+00
6.123776998757019641e+00
6.122919256475459981e+00
6.121889423905106931e+00
6.120784584876536094e+00
6.119722520959110845e+00
6.118523932858986214e+00
6.117204438782391840e+00
6.115959596271224541e+00
6.114638219907869932e+00
6.113155230045800081e+00
6.111756748601614220e+00
6.110353789154627790e+00
6.108761698035882759e+00
6.107265840879691154e+00
6.105802512941708393e+00
6.104090870997388230e+00
6.103757835009102628e+00
