2.134765274494560927e+01
2.136318982244412013e+01
2.137673755358608929e+01
2.138746867269124863e+01
2.139698588403472002e+01
2.140918359615620403e+01
2.142127075362648370e+01
2.143535967464530145e+01
2.144901002358194830e+01
2.145730016736878554e+01
2.147090300072938973e+01
2.147913879349285082e+01
2.148870571694477150e+01
2.149758942975737597e+01
2.151024318247608136e+01
2.152790972815084558e+01
2.153747820121009582e+01
2.154510744771888753e+01
2.155312280193319197e+01
2.156344198397237832e+01
2.157197505295818374e+01
2.157954100160133493e+01
2.159382475984712713e+01
2.160152500418073274e+01
2.161565191424792332e+01
