9.331171465250532492e+03
9.336298814844607477e+03
9.342077429162907720e+03
9.352863345754445618e+03
9.356399697162985831e+03
9.363073096151389109e+03
9.367266830881895658e+03
9.370737000512923260e+03
9.376008427300963376e+03
9.380735386221615045e+03
9.388938588622557290e+03
9.396923444133559315e+03
9.407890874843093115e+03
9.419714433071761960e+03
9.422700225499309454e+03
9.429070518887403523e+03
9.431972842054610737e+03
9.437703753510537354e+03
9.440955720034638944e+03
9.459792767512133651e+03
9.475733442664122776e+03
9.486610574616792292e+03
9.493830288548095268e+03
9.504319996071262722e+03
9.515365812736386943e+03
9.526089147912152839e+03
9.534142628859297474e+03
9.539604713518845529e+03
9.546778138769928773e+03
9.561265713015340225e+03
9.569731342410026627e+03
9.577792587538851876e+03
9.579592291084958561e+03
9.593191621394693357e+03
9.599783570961602891e+03
9.606870346752924888e+03
9.613541459768981440e+03
9.621091818786317162e+03
9.628039276372443055e+03
9.631538531061067260e+03
9.639774905133052016e+03
9.646853508423657331e+03
9.647806140489734389e+03
9.649950920180715912e+03
9.652306181215524703e+03
9.655068507298250552e+03
9.657886772010564528e+03
9.660271129950157047e+03
9.662262891809714347e+03
9.663832085718915550e+03
9.664356385010984013e+03
9.664958053440210278e+03
9.665375165468858540e+03
9.665985085278643965e+03
9.666210802272835281e+03
9.666051941667781648e+03
9.665531808391553568e+03
9.664648049573601384e+03
9.663694847893733822e+03
9.663420947969227200e+03
9.663041598052961490e+03
9.660483953151035166e+03
9.658042747202003738e+03
9.655204655348627057e+03
9.651974073709132426e+03
9.648379160761958701e+03
9.644868126744660913e+03
9.641072938912380778e+03
9.634343788922085878e+03
9.631451767389085944e+03
9.627632175959503002e+03
9.621588546722443425e+03
9.614292850958925555e+03
9.605816830503232268e+03
9.596326917937207327e+03
9.586932650045049741e+03
9.577395629142787584e+03
9.568455185768745650e+03
9.559436102476538508e+03
9.550247475373051202e+03
9.540924636489826298e+03
9.531529818421809978e+03
9.521968350232533339e+03
9.512363784885128553e+03
9.502599679557684794e+03
9.495510926215181826e+03
9.480064212628340101e+03
9.464496021183671473e+03
9.451816917989737703e+03
9.437645815418418351e+03
9.423448779438700512e+03
9.408086948907157421e+03
9.405431374392681391e+03
9.387844179775918747e+03
9.380716394459752337e+03
9.372672791199063795e+03
