2.014896996142654118e+01
2.014033312634292017e+01
2.012886622548652582e+01
2.012008183064970623e+01
2.011222341362054422e+01
2.010359661884553617e+01
2.009560829297535633e+01
2.008876954782320112e+01
2.008086357311070813e+01
2.007233597072263720e+01
2.006466501188186768e+01
2.005100411382814940e+01
2.004355950434342404e+01
2.003597173661928466e+01
2.002695750023255528e+01
2.001991761941411596e+01
2.000798874349985823e+01
2.000082076444737211e+01
1.999174266347677076e+01
1.998492788713849322e+01
