1.422806924148031094e+01
1.422061422359799288e+01
1.421192837008971566e+01
1.420452437933735901e+01
1.419479685059077312e+01
1.418895008259958779e+01
1.418338195497834597e+01
1.417488409379345349e+01
1.416951874287075874e+01
1.416141178147549695e+01
1.415598641046621786e+01
1.415022892159222856e+01
1.414512337374810613e+01
1.413386614413460229e+01
1.412749230223156083e+01
1.412139675790776927e+01
1.411614153445201936e+01
1.411111294658666182e+01
1.410643167205305382e+01
1.410069124105038796e+01
1.409631457924307441e+01
1.409195251029020390e+01
1.408688638514570002e+01
1.408161570839724774e+01
1.407661111939957621e+01
1.407164237164453979e+01
1.406543352481988052e+01
1.406047984700758313e+01
