4.007919025011540270e+01
4.008203967818005964e+01
4.008489073829351668e+01
4.008774495195479659e+01
4.009060209120345064e+01
4.009346190389393882e+01
4.009632405734676297e+01
4.009918815038082585e+01
4.010205379239427970e+01
4.010492054953272145e+01
4.010778802524433928e+01
4.011065580341080050e+01
4.011352350446475157e+01
4.011639076722704544e+01
4.011925724547330674e+01
4.012212263422935621e+01
4.012498663025122170e+01
4.012784897491274450e+01
4.013070942438373123e+01
4.013356776734698173e+01
4.013642382901631578e+01
4.013927744906979456e+01
4.014212851405419258e+01
4.014497692407135787e+01
4.014782261729462931e+01
4.015066556485436422e+01
4.015350574789503924e+01
4.015634320162804727e+01
4.015917796433194553e+01
4.016201011539818211e+01
4.016483975468238299e+01
4.016766699645260275e+01
4.017049199542936577e+01
4.017331490177158315e+01
4.017613592804777767e+01
4.017895527199263483e+01
4.018177317633907819e+01
4.018458988588690772e+01
4.018740566103334544e+01
4.019022086256829596e+01
4.019303428833669045e+01
