2.345344280160307335e+03
2.344652648027546093e+03
2.344452600060720215e+03
2.344820247439597551e+03
2.346095047260131196e+03
2.347314392245083127e+03
2.348806051541472243e+03
2.351731049703899316e+03
2.353998975787286781e+03
2.358075771599294058e+03
2.361260748793321909e+03
2.365060227982364268e+03
2.368805775224226636e+03
2.378387505884163147e+03
2.384670485428398479e+03
2.391298680223698739e+03
2.397524891984122405e+03
2.403948509637997176e+03
2.410357344036411178e+03
2.418809198973489401e+03
2.425713938165788022e+03
2.433012354274952031e+03
2.442036894795647640e+03
2.452085415098959857e+03
2.462286330300068585e+03
2.473089099485774113e+03
2.487598103782486760e+03
2.500036381246101428e+03
