1.884964295756858732e+01
1.901019026692571856e+01
1.905069052691335330e+01
1.889355236132390914e+01
1.882870506382620235e+01
1.874977935336876556e+01
1.874387260729904270e+01
1.876526210130874972e+01
1.883184776228983992e+01
1.890782862231588979e+01
1.901907796433447118e+01
1.905236006262849457e+01
1.901490429004912741e+01
1.898737841430557438e+01
1.899024752895686774e+01
1.901093248322302998e+01
1.902580763199609137e+01
1.906097302936840165e+01
1.908225441173648917e+01
1.917807791760125014e+01
1.920670742253279784e+01
1.922125604629991713e+01
1.924096547824295911e+01
1.929154975508417635e+01
1.936261287165335787e+01
1.942055458475458707e+01
1.944383993835529978e+01
1.945144291876793474e+01
1.946036682791982031e+01
1.952048415650540392e+01
1.958624229901347036e+01
1.964310863744852043e+01
1.965210923390448627e+01
1.967225920165061126e+01
1.968534210186787803e+01
1.974109164185921372e+01
1.982617025829236468e+01
1.990765103012823900e+01
1.994355484510015231e+01
1.996436017535668839e+01
2.009493627433144525e+01
2.024537478175815508e+01
2.025754214214132176e+01
2.027474471948347556e+01
2.028249314683413473e+01
2.029705203046156470e+01
2.034831275421234054e+01
2.042571518195149949e+01
2.049062390605513784e+01
2.052327558309048783e+01
2.053144135160223627e+01
2.054353295871487006e+01
2.055792567277584482e+01
2.060602323099198330e+01
2.066867702525531669e+01
2.072754301347023542e+01
2.077643768397642887e+01
2.081770894281731898e+01
2.084606332308852927e+01
2.085270316108118394e+01
2.086127899114117312e+01
2.091925713659060193e+01
2.099361278381527285e+01
2.108577589583380529e+01
2.115946695939637223e+01
2.120580166646590214e+01
2.125516460543770592e+01
2.133456572149701103e+01
2.145507672646217046e+01
2.148094113346722622e+01
2.149856328594182031e+01
2.151711009176835532e+01
2.156270328566993300e+01
2.163976102663025358e+01
2.171188416424705636e+01
2.174648513677588468e+01
2.175877245931814841e+01
2.178270504467610635e+01
2.183597458134116565e+01
2.190399161805047612e+01
2.195539186851419444e+01
2.197414800996287454e+01
2.197716383292218367e+01
2.199853711399949674e+01
2.205550013499033213e+01
2.210864096937973855e+01
2.219687738478328498e+01
2.222010859471198785e+01
2.226264185701170462e+01
2.238982421518902655e+01
2.252730892185919132e+01
2.256899247271606868e+01
2.256537993088091554e+01
2.256815256908905809e+01
2.263042567637194580e+01
2.276691299664529566e+01
