1.208137546610994306e+01
1.209605945363207979e+01
1.211375602267102103e+01
1.212936351016404402e+01
1.215063782398041603e+01
1.216386483066719748e+01
1.217678233183275793e+01
1.219712622883287700e+01
1.221037984441538349e+01
1.223103702220877054e+01
1.224530475938683161e+01
1.226085328824026810e+01
1.227500660112906417e+01
1.230749811130372962e+01
1.232672776380280943e+01
1.234571940663589906e+01
1.236258984325853483e+01
1.237918515285836207e+01
1.239505072318010193e+01
1.241508176452265566e+01
1.243080144784585883e+01
1.244687334973035675e+01
1.246607158007379823e+01
1.248668546516273281e+01
1.250689925347144715e+01
1.252762364208674128e+01
1.255450125059452482e+01
1.257678274417727060e+01
