6.107442174152676984e+00
6.107968742661826766e+00
6.108524326843035368e+00
6.109077107192871559e+00
6.109600966714030079e+00
6.110157139275638194e+00
6.110711782980671636e+00
6.111226314238336954e+00
6.111774503415478677e+00
6.112335737724073681e+00
6.112843255522427022e+00
6.113376022748511218e+00
6.113944619156445270e+00
6.114452418250180266e+00
6.114962935326630600e+00
6.115533724471994503e+00
6.116051825193136615e+00
6.116538430521415215e+00
6.117100670060329648e+00
6.117637553648272331e+00
6.118106086013524347e+00
6.118646429466300773e+00
6.119204822912437614e+00
6.119668003020017011e+00
6.120174884727759057e+00
6.120749434148128998e+00
6.121224405616847442e+00
6.121693097485424673e+00
6.122269178530839184e+00
6.122769802819318485e+00
6.123206240802761435e+00
6.123769059286210847e+00
6.124302907046240030e+00
6.124718167569637828e+00
6.125255442371271286e+00
6.125821086271026950e+00
6.126225854572239449e+00
6.126749198726926693e+00
6.127322409746797760e+00
6.127659891983137541e+00
6.129379734543666913e+00
