4.687637663804455315e+02
4.695635938971561814e+02
4.706486534680510658e+02
4.714978237730844057e+02
4.722707310631352584e+02
4.731336751698468674e+02
4.739463030402886261e+02
4.746523773538112891e+02
4.754806259431158537e+02
4.763884606273762188e+02
4.772179709914329351e+02
4.787255432457969277e+02
4.795635342928514433e+02
4.804296199445763591e+02
4.814743047448472453e+02
4.823021369762755626e+02
4.837289291922836014e+02
4.846008914095129967e+02
4.857210292640937155e+02
4.865735550738764914e+02
