1.999999952041927997e+01
2.000119147596025471e+01
2.000242402891744575e+01
2.000369339236014099e+01
2.000499319601158987e+01
2.000631663979450536e+01
2.000765635313960900e+01
2.000900439482898463e+01
2.001035222511814737e+01
2.001169068828411213e+01
2.001301000532918550e+01
2.001429973275034513e+01
2.001554875405523148e+01
2.001674526411331101e+01
2.001787676023228357e+01
2.001892999366876325e+01
2.001989097371119186e+01
2.002074496159657002e+01
2.002147641867422578e+01
2.002206905519608426e+01
2.002250477915917060e+01
