3.643178050758159770e+03
3.651899397246665103e+03
3.655668431244642306e+03
3.659095229282305809e+03
3.661419679841761535e+03
3.662175028707420552e+03
3.662292947030859068e+03
3.660399962060404960e+03
3.657999885374779751e+03
3.655096327876257874e+03
3.650924699126182077e+03
3.645782871894265099e+03
3.641126664606273152e+03
3.635595552158196824e+03
3.626597497294320874e+03
3.619507092268434462e+03
3.611651979976730672e+03
3.602955459846779377e+03
3.593233915622869063e+03
3.581532140240313311e+03
3.567293620339009522e+03
3.556477567703690056e+03
3.541276976465214830e+03
3.525057135934944654e+03
3.505164511203021448e+03
3.476220060503888817e+03
3.455578285508128374e+03
3.420585281930648307e+03
