1.445113466177667405e+01
1.443232725398197935e+01
1.442294237782240351e+01
1.441283138784176643e+01
1.440342312305701533e+01
1.439812310806434859e+01
1.439253572746156351e+01
1.438506253375315502e+01
1.438196713155072892e+01
1.438008448621740953e+01
1.437891118798007284e+01
1.437875330569183774e+01
1.437933783578790425e+01
1.438062377075605980e+01
1.438364819580807463e+01
1.438660535820952546e+01
1.439031262923668564e+01
1.439482746964336002e+01
1.440027665058932627e+01
1.440728183305879995e+01
1.441632491412813799e+01
1.442350258138397123e+01
1.443395766315233075e+01
1.444550799907266203e+01
1.446012979209183946e+01
1.448212788226390302e+01
1.449824269882426897e+01
1.452621623301165776e+01
