7.808671696766127752e+03
7.819294582820503820e+03
7.824778989969845497e+03
7.830887372237205454e+03
7.836843405909371540e+03
7.840373178628383357e+03
7.844308005645330923e+03
7.850216796605164745e+03
7.853173213351726190e+03
7.855426084381316286e+03
7.857574097384960623e+03
7.859305852667343061e+03
7.860356884872027877e+03
7.861184869638318560e+03
7.861868974977545804e+03
7.862000044277711822e+03
7.861838734526024382e+03
7.861368356265706097e+03
7.860556623724016390e+03
7.859262470610099626e+03
7.857318609839833698e+03
7.855622864602675691e+03
7.852978261366592960e+03
7.849876094377358640e+03
7.845747299728829603e+03
7.839225879512023312e+03
7.834271681018371964e+03
7.825407536401921789e+03
