8.204074815429572709e+02
8.756387776247847796e+02
9.279532953242262465e+02
9.802687484003724876e+02
1.037175780053676590e+03
1.085135810537752604e+03
1.130775818124784337e+03
1.195668021254362657e+03
1.258123840129435393e+03
1.304927847110511038e+03
1.361212234438407677e+03
1.405284980922343266e+03
1.476695530114486246e+03
1.530298282298404047e+03
1.583901222369151355e+03
1.641644139903078440e+03
1.693349208367350229e+03
1.756638268508386545e+03
1.843056094464764101e+03
1.893163386323055647e+03
1.943270733042177881e+03
1.993378107566919880e+03
2.043485485789595486e+03
2.141654821221589373e+03
2.239824174661649522e+03
2.298649115157435972e+03
2.338613108864983587e+03
2.401543616347802526e+03
2.464474123661069825e+03
2.527404649035393504e+03
2.590335161766943656e+03
2.640604649790545409e+03
2.725349035521020141e+03
2.810086168038490541e+03
