2.096979744488302089e+01
2.098840324931919099e+01
2.101010001268852889e+01
2.102861173411340800e+01
2.105295782603181465e+01
2.106760543132686792e+01
2.108156539717344913e+01
2.110289101518704413e+01
2.111636879789280741e+01
2.113675402219564248e+01
2.115041070527067646e+01
2.116491662658172856e+01
2.117779186156167270e+01
2.120622222695692471e+01
2.122234655702302319e+01
2.123778640392616168e+01
2.125111388569790449e+01
2.126388130761280948e+01
2.127578044203336560e+01
2.129039050875686101e+01
2.130154416090492120e+01
2.131267376955110038e+01
2.132561703531145625e+01
2.133910371106547643e+01
2.135193032908033217e+01
2.136468637817774052e+01
2.138065794418264431e+01
2.139342793330653691e+01
