1.770881766897544730e+04
1.771641943694420479e+04
1.772486773368664944e+04
1.774031680650751514e+04
1.774529037944522497e+04
1.775450209178447767e+04
1.776014832569219652e+04
1.776473133188302745e+04
1.777155625024551045e+04
1.777757229738158276e+04
1.778786272112611550e+04
1.779767958888705471e+04
1.781095611558359087e+04
1.782525535980662607e+04
1.782886315942664078e+04
1.783660095812966028e+04
1.784016656495205825e+04
1.784731807829441095e+04
1.785145232827391374e+04
1.787698216220494942e+04
1.790071148105481188e+04
1.791743298155855155e+04
1.792877127437023955e+04
1.794563211219891309e+04
1.796374308498278333e+04
1.798170780464127893e+04
1.799547631191149048e+04
1.800493976190286412e+04
1.801762039869376895e+04
1.804491491779483476e+04
1.806210035060969312e+04
1.807933148125886510e+04
1.808332110232022387e+04
1.811590661311494114e+04
1.813337201065734553e+04
1.815308361303604033e+04
1.817258794156019940e+04
1.819605328975985321e+04
1.821924092415305131e+04
1.823166659060347592e+04
1.826337571564850805e+04
1.829450537107876153e+04
1.829906357677136839e+04
1.830974837878399921e+04
1.832228501548178974e+04
1.833833485911165553e+04
1.835680371212818500e+04
1.837496682889954900e+04
1.839309084344216899e+04
1.841089005092394291e+04
1.841807086058337154e+04
1.842768819185808752e+04
1.843581599977088626e+04
1.845307261887784261e+04
1.847022266234383642e+04
1.848702336996857412e+04
1.850356706327717256e+04
1.851992925347622077e+04
1.853280598969857601e+04
1.853601747752434676e+04
1.854020650497404495e+04
1.856354106096066607e+04
1.858111159137170762e+04
1.859838248619789738e+04
1.861537089709300199e+04
1.863206207805416489e+04
1.864670933429457364e+04
1.866113695214395921e+04
1.868205713623557676e+04
1.868969896065956345e+04
1.869933649660572701e+04
1.871319127376486358e+04
1.872761635787837804e+04
1.874264078208561114e+04
1.875802972739157121e+04
1.877266564038053184e+04
1.878713863495058467e+04
1.880027727391740700e+04
1.881328679943993484e+04
1.882620398588525859e+04
1.883902109700262372e+04
1.885172284625700559e+04
1.886435302281163240e+04
1.887686473982008465e+04
1.888932935544154680e+04
1.889814993263972065e+04
1.891712063556112116e+04
1.893589497021905117e+04
1.895093453880858215e+04
1.896754717136752879e+04
1.898400476788606102e+04
1.900167102932292255e+04
1.900471560125645192e+04
1.902464489758642594e+04
1.903265050388994132e+04
1.904158558829077811e+04
