6.803529227555283796e+03
6.838110417665298883e+03
6.868071828271247796e+03
6.891673566944772574e+03
6.912506487719481811e+03
6.939067635701721883e+03
6.965229718906572998e+03
6.995519738211552976e+03
7.024650030375499227e+03
7.042234317198088320e+03
7.070906872813458904e+03
7.088154841644272892e+03
7.108081949919908766e+03
7.126479082338436456e+03
7.152500962102576523e+03
7.188460011842743370e+03
7.207748715508261739e+03
7.223030868835630827e+03
7.238991186340597778e+03
7.259391624987382784e+03
7.276132479389364562e+03
7.290876075800024410e+03
7.318446660428742689e+03
7.333162205403504231e+03
7.359880400158313023e+03
