1.980773376085549486e+01
1.985937694171771639e+01
1.992802872326546648e+01
1.998068750116540926e+01
2.002784492307867481e+01
2.007966731830571661e+01
2.012770495692504724e+01
2.016886842640447597e+01
2.021650049424476947e+01
2.026793178354288472e+01
2.031424460934393750e+01
2.039683453738162910e+01
2.044190391038312171e+01
2.048788471058080063e+01
2.054256865146205868e+01
2.058532004760501621e+01
2.065785091703908094e+01
2.070148880134036418e+01
2.075681438103093868e+01
2.079838990143444377e+01
