3.975467322609586684e+00
3.976131420559465113e+00
3.976813556376213477e+00
3.977492652395767880e+00
3.978151345254856253e+00
3.978829170085910416e+00
3.979503774721422360e+00
3.980149739910677553e+00
3.980814809344567440e+00
3.981485298884396506e+00
3.982117499027868934e+00
3.982762583427476244e+00
3.983427227101696833e+00
3.984048335494525084e+00
3.984667077441134797e+00
3.985320762575416342e+00
3.985935724493099741e+00
3.986525641959474786e+00
3.987160156630896957e+00
3.987773460870461584e+00
3.988337518277419225e+00
3.988943538898931163e+00
3.989556527641624495e+00
3.990102780226504109e+00
3.990672765687268697e+00
3.991282156781442492e+00
3.991822186277436124e+00
3.992353704367815226e+00
3.992950847942993153e+00
3.993494773366351502e+00
3.993993014935949937e+00
3.994569839420609725e+00
3.995124377312083475e+00
3.995598572173514551e+00
3.996149334251745344e+00
3.996716034895913872e+00
3.997175845483714074e+00
3.997711034346931314e+00
3.998277275648967954e+00
3.998689103644743170e+00
4.000000085277279460e+00
