6.794348988661247859e+03
6.798222291068125742e+03
6.802475787783036139e+03
6.805871193065745501e+03
6.809993242024877873e+03
6.812276861802884923e+03
6.814310216327365197e+03
6.817135866968345908e+03
6.818739648230059174e+03
6.820884714054722281e+03
6.822124762878395813e+03
6.823261146732274028e+03
6.824107784479131624e+03
6.825408170794755279e+03
6.825777276158853965e+03
6.825865076369678718e+03
6.825721716360124447e+03
6.825385109011529494e+03
6.824888172680981370e+03
6.824024977279198538e+03
6.823169607713291953e+03
6.822138727103118072e+03
6.820706837727272614e+03
6.818934799160276270e+03
6.816969848721130802e+03
6.814730083564810229e+03
6.811498964597180020e+03
6.808551908284797719e+03
