6.852601255055318688e+03
6.918307905662039957e+03
6.975773717148139440e+03
7.021409298086126000e+03
7.061971292347401686e+03
7.114082361256314471e+03
7.165863039891983135e+03
7.226402724849184779e+03
7.285252244424725177e+03
7.321088843743523285e+03
7.380052928660856196e+03
7.415852710861612650e+03
7.457536076327453884e+03
7.496338500881724940e+03
7.551771415586571493e+03
7.629497049786993557e+03
7.671762316751008257e+03
7.705549007094996341e+03
7.741130983890250718e+03
7.787072214991282635e+03
7.825176851801328667e+03
7.859052322935346638e+03
7.923242360883667970e+03
7.957978850313740622e+03
8.021956715617283407e+03
