1.867801410753167701e+01
1.868702333029302665e+01
1.869751071506120255e+01
1.870644212586533683e+01
1.871816428987018810e+01
1.872520300290404194e+01
1.873190121150589960e+01
1.874211382923730085e+01
1.874855538885695339e+01
1.875827853228519970e+01
1.876477849802181552e+01
1.877166993997086308e+01
1.877777527761029930e+01
1.879121668525131739e+01
1.879881407404394977e+01
1.880607025592254899e+01
1.881231827748541718e+01
1.881828971431248121e+01
1.882384215043685671e+01
1.883064176692646541e+01
1.883581892492241394e+01
1.884097244064677312e+01
1.884694936259037590e+01
1.885315751115151528e+01
1.885904214313524108e+01
1.886487429726724940e+01
1.887214657315830380e+01
1.887793549454465492e+01
