3.238971663936872574e+03
3.243171557286800180e+03
3.246817916686651188e+03
3.249695452351248605e+03
3.252239344614622496e+03
3.255488267359894962e+03
3.258694729941350943e+03
3.262415385168766079e+03
3.266002398377647751e+03
3.268172059718466244e+03
3.271717298363327245e+03
3.273854567691318607e+03
3.276328351782876780e+03
3.278616686620519886e+03
3.281861131580650635e+03
3.286360337762660492e+03
3.288781784639317266e+03
3.290704480132099889e+03
3.292716652305722619e+03
3.295295069474842421e+03
3.297416631831184986e+03
3.299289530887018373e+03
3.302803690546279540e+03
3.304686018023640372e+03
3.308116412320223844e+03
