1.420115957151354451e+03
1.417869721236490022e+03
1.415722164104002559e+03
1.414308682481865162e+03
1.413065325624247407e+03
1.412669216492848363e+03
1.412548097500357017e+03
1.412865892214515270e+03
1.413392974736296537e+03
1.414693200084096816e+03
1.415917321705433324e+03
1.417541558096802419e+03
1.419273544407214104e+03
1.424117992853288342e+03
1.427525804589832660e+03
1.431265033441859487e+03
1.434885450953213422e+03
1.438710867310188860e+03
1.442604497423795692e+03
1.447838709105975795e+03
1.452186592579305170e+03
1.456842963068269000e+03
1.462675747110826705e+03
1.469255295859448097e+03
1.476014005542907171e+03
1.483247434845321322e+03
1.493069097926256973e+03
1.501573668743017151e+03
