7.836033312199062493e+03
7.840819926534745719e+03
7.844569879631322692e+03
7.847251997842552555e+03
7.849412296291711755e+03
7.851873612932098695e+03
7.853963249858495146e+03
7.855947059422593156e+03
7.857390639124026166e+03
7.858030908403810827e+03
7.858683151115506007e+03
7.858831477921477926e+03
7.858764120676007224e+03
7.858465671840514915e+03
7.857637709772337075e+03
7.855662163559834880e+03
7.854178934584991111e+03
7.852781511668868916e+03
7.851103185841522645e+03
7.848617418908445870e+03
7.846278262047044336e+03
7.843983810269460264e+03
7.839069869093770649e+03
7.836095311480679811e+03
7.830022462319994702e+03
