1.524545523012339210e+01
1.522043032826214493e+01
1.518758941112774608e+01
1.516272876867896180e+01
1.514070850465426687e+01
1.511677506885245137e+01
1.509483771184073753e+01
1.507622964799404741e+01
1.505491651143726450e+01
1.503216747920497198e+01
1.501191723430005354e+01
1.497635751692391182e+01
1.495725148422551598e+01
1.493797676947229647e+01
1.491534021864666215e+01
1.489786007306816806e+01
1.486863947049839396e+01
1.485132340087758429e+01
1.482965528515664921e+01
1.481358276539489438e+01
