2.005767532006670990e+03
1.993401271159033740e+03
1.977330244288861877e+03
1.965288018491751245e+03
1.954713979558710662e+03
1.943323050540469239e+03
1.932978472599455245e+03
1.924278446565392414e+03
1.914400578501723885e+03
1.903963039998637669e+03
1.894767149103221755e+03
1.878845650632753404e+03
1.870415599221942557e+03
1.862003191690686208e+03
1.852246030712427455e+03
1.844805408439818621e+03
1.832558399475728038e+03
1.825418505499543244e+03
1.816613267293837453e+03
1.810178231789639767e+03
