1.378362546668016330e+04
1.377588531052531471e+04
1.376872087773309977e+04
1.376276350496085797e+04
1.375726598188499884e+04
1.374991881621402172e+04
1.374229585640890582e+04
1.373296759437275978e+04
1.372346080174786584e+04
1.371745540764764337e+04
1.370721111791979820e+04
1.370076710367129272e+04
1.369304669375860067e+04
1.368564644301742192e+04
1.367471089578018655e+04
1.365864002548444842e+04
1.364953081500123699e+04
1.364205725055771109e+04
1.363399947907468777e+04
1.362330714208288919e+04
1.361418753476475649e+04
1.360588552191411691e+04
1.358964154538338516e+04
1.358056557705181149e+04
1.356331135800860648e+04
