1.407877023352538572e+03
1.403834100585858550e+03
1.401766251942417057e+03
1.399483570537965534e+03
1.397284767164588402e+03
1.395998160088166514e+03
1.394583098037633363e+03
1.392513002897844899e+03
1.391515747964863749e+03
1.390784288480693704e+03
1.390124057390749158e+03
1.389638901308803497e+03
1.389385141434084062e+03
1.389234601615807151e+03
1.389227559255430606e+03
1.389368413266991638e+03
1.389634445568608044e+03
1.390033677309135555e+03
1.390582559191534983e+03
1.391357021792643081e+03
1.392431839698656631e+03
1.393326935543685522e+03
1.394678695001859978e+03
1.396221651120752085e+03
1.398230316518393465e+03
1.401337390406811664e+03
1.403662087593063916e+03
1.407770081387670643e+03
