6.163372628309076390e+03
6.175793296067881784e+03
6.190181997722644155e+03
6.202373790802816075e+03
6.218283628585890256e+03
6.227784482734060475e+03
6.236787477136871530e+03
6.250439033971067147e+03
6.259000855205309563e+03
6.271848962068088440e+03
6.280384919468006046e+03
6.289386179673356310e+03
6.297316861274108305e+03
6.314622727863737055e+03
6.324304286892345772e+03
6.333478607916435067e+03
6.341318358852971869e+03
6.348756454938376919e+03
6.355622311009730765e+03
6.363960697899079605e+03
6.370255248997334093e+03
6.376471967135258637e+03
6.383617314674891531e+03
6.390961183401347625e+03
6.397844306376657187e+03
6.404586064575410091e+03
6.412872635652795907e+03
6.419366363406478740e+03
