2.162879278656005155e+01
2.152133421758819409e+01
2.137632176197840650e+01
2.126341699791329631e+01
2.116107298867278530e+01
2.104725841935242059e+01
2.094049610113121318e+01
2.084804634001690360e+01
2.073995624031121920e+01
2.062190376037978368e+01
2.051440769964888133e+01
2.031990311489903789e+01
2.021224398995575910e+01
2.010130231254181155e+01
1.996790740367905670e+01
1.986251915669528501e+01
1.968150772158760731e+01
1.957126053354795303e+01
1.943003432725815571e+01
1.932283859333396236e+01
