2.050270772326398827e+01
2.051296197504004581e+01
2.052517911991512278e+01
2.053583303206834998e+01
2.055018315221683167e+01
2.055901023233036895e+01
2.056756385794057707e+01
2.058090700010507490e+01
2.058951918967132855e+01
2.060282167541339859e+01
2.061192748992572277e+01
2.062177764326461471e+01
2.063068008558872535e+01
2.065089862396551368e+01
2.066272854823886362e+01
2.067431798430025225e+01
2.068453773699062381e+01
2.069452434141742003e+01
2.070401227938146960e+01
2.071591110672114411e+01
2.072518841161780045e+01
2.073462044178993224e+01
2.074581905735697163e+01
2.075776371421660826e+01
2.076939927183398993e+01
2.078125220181254562e+01
2.079651342047972662e+01
2.080907369121236172e+01
