6.033331046107117679e+00
6.046789218512562236e+00
6.059459750528516153e+00
6.071340324110581221e+00
6.082426790824221108e+00
6.092716883361240399e+00
6.102208925052526212e+00
6.110901783414585786e+00
6.118795475429235076e+00
6.125890173641262315e+00
6.132186792540735176e+00
6.137686884546230459e+00
6.142392287738253742e+00
6.146305526624000315e+00
6.149429149958089980e+00
6.151766344004746756e+00
6.153320557386923184e+00
6.154095280158182746e+00
6.154094689955069697e+00
6.153322535796677428e+00
6.151787630393812378e+00
