2.134043526117322642e+01
2.135726785641178083e+01
2.137183613928576520e+01
2.138330144529357213e+01
2.139341356816097672e+01
2.140629461158660618e+01
2.141896897361307950e+01
2.143362602250303439e+01
2.144770364735630253e+01
2.145619241985484749e+01
2.147001863356549833e+01
2.147832620013762650e+01
2.148791480659865982e+01
2.149675792935979501e+01
2.150925016485953734e+01
2.152648023458758786e+01
2.153570593080901929e+01
2.154300657846450306e+01
2.155062260015658282e+01
2.156034399937851731e+01
2.156830973989960754e+01
2.157531592311412538e+01
2.158839302164363971e+01
2.159535897909337976e+01
2.160798026976696207e+01
