1.841409311259786818e+01
1.838063502111933545e+01
1.833662727252250590e+01
1.830323512518638651e+01
1.827359967208922598e+01
1.824132500490488695e+01
1.821168113226725893e+01
1.818648890621024705e+01
1.815757948320663218e+01
1.812665543900356724e+01
1.809906791817969207e+01
1.805048045182915928e+01
1.802429592204152442e+01
1.799782195969461185e+01
1.796665297265521488e+01
1.794252456225813575e+01
1.790206952115886452e+01
1.787802149929451190e+01
1.784784778863184229e+01
1.782540521639488063e+01
