5.950754617674566482e+00
5.967020575440750818e+00
5.982545204281207063e+00
5.997322736723797121e+00
6.011345590601981925e+00
6.024608210513151541e+00
6.037105767822818159e+00
6.048834065886528499e+00
6.059790173013533732e+00
6.069971491512208495e+00
6.079376204776945514e+00
6.088003208956223489e+00
6.095851753403169759e+00
6.102921804357184676e+00
6.109213425631385697e+00
6.114727339153409602e+00
6.119464602019542454e+00
6.123426351738691764e+00
6.126614426151591353e+00
6.129030296320419957e+00
6.130680721785985554e+00
