1.384063274915806474e+01
1.385555426889146879e+01
1.387520736903511853e+01
1.389014060162848629e+01
1.390340937379068187e+01
1.391787693437569118e+01
1.393118137727758743e+01
1.394250038146481252e+01
1.395550407172458129e+01
1.396943161507487297e+01
1.398187230776253287e+01
1.400382065961344757e+01
1.401566958650040817e+01
1.402766469492070556e+01
1.404180726835979520e+01
1.405277070560521224e+01
1.407118395395585253e+01
1.408214873117417909e+01
1.409592758549111835e+01
1.410619166793765800e+01
