2.000000024812061383e+01
2.000389138685115142e+01
2.000785744323133741e+01
2.001189900127836552e+01
2.001601484489781058e+01
2.002020376918405731e+01
2.002446448516941047e+01
2.002879564227922060e+01
2.003319581077143852e+01
2.003766348461710578e+01
2.004219706805068313e+01
2.004679488700027434e+01
2.005145519198028836e+01
2.005617614612761912e+01
2.006095581913908177e+01
2.006579219644760315e+01
2.007068318203488388e+01
2.007562657996331268e+01
2.008062008785465480e+01
2.008566138885859687e+01
2.009074653556382373e+01
