1.207158344125193616e+04
1.204240383698689766e+04
1.201698361248008041e+04
1.199686414575115487e+04
1.197903258921904489e+04
1.195619569086368756e+04
1.193358495379435226e+04
1.190725444042088748e+04
1.188176983057977668e+04
1.186630547053032205e+04
1.184095273259918940e+04
1.182561653183918497e+04
1.180781473445033043e+04
1.179129718074496668e+04
1.176779207740481979e+04
1.173502039985078591e+04
1.171729343864156726e+04
1.170317096192073586e+04
1.168834529958473468e+04
1.166927618658604297e+04
1.165352325297971947e+04
1.163956782296548045e+04
1.161325332022391376e+04
1.159908527797456190e+04
1.157312630827297289e+04
