4.356578123297451384e+03
4.315156620672890313e+03
4.279653129143790466e+03
4.251948792807909740e+03
4.227695066772933387e+03
4.197056073677099448e+03
4.167201336935817380e+03
4.133057540571378922e+03
4.100670350401522228e+03
4.081343756702639894e+03
4.050209387139424962e+03
4.031716687968869792e+03
4.010582542673470925e+03
3.991299704693949025e+03
3.964417791059767296e+03
3.928074917348675626e+03
3.908990223457557931e+03
3.894084830409014103e+03
3.878729835879726579e+03
3.859432691210666235e+03
3.843886883134684012e+03
3.830422580100449522e+03
3.805847519297491090e+03
3.793071268788205089e+03
3.770524615334864848e+03
