9.724318503698677887e+02
9.751011615907891610e+02
9.785713787662863297e+02
9.811726198375196191e+02
9.834574448398137747e+02
9.859195909265998807e+02
9.881563403955177591e+02
9.900381011956148996e+02
9.921753305166834025e+02
9.944345238556826416e+02
9.964257550275290214e+02
9.998752179110584848e+02
1.001702685950162731e+03
1.003527124909371310e+03
1.005644277427250586e+03
1.007259608144118602e+03
1.009920098890701297e+03
1.011472211157968900e+03
1.013387540010712542e+03
1.014788202737809115e+03
