6.099977933568292876e+00
6.100409539893562716e+00
6.100873677826118779e+00
6.101338587336936570e+00
6.101778200871091684e+00
6.102253695604799688e+00
6.102731273316155836e+00
6.103172400085794536e+00
6.103650758986588265e+00
6.104145752319679374e+00
6.104590686404951505e+00
6.105064418177503782e+00
6.105577490571731936e+00
6.106033363569910222e+00
6.106495444388065685e+00
6.107021177349261087e+00
6.107497689050398471e+00
6.107946095413846699e+00
6.108473338453448420e+00
6.108978480885308038e+00
6.109418506081504496e+00
6.109933329492430509e+00
6.110469166309224320e+00
6.110912794311417429e+00
6.111402862319076590e+00
6.111963199555286330e+00
6.112426644262845876e+00
6.112886261550650957e+00
6.113455455724058574e+00
6.113951461862000336e+00
6.114385392677947451e+00
6.114947438023854431e+00
6.115482274068803292e+00
6.115900223902339228e+00
6.116441431050399835e+00
6.117012184211120918e+00
6.117423274255791910e+00
6.117953628703483027e+00
6.118534423783997589e+00
6.118880188128191122e+00
6.120606958629747574e+00
