4.011310556150966988e+01
4.011802495986169959e+01
4.012297871163617202e+01
4.012796660587197550e+01
4.013298696095218077e+01
4.013803836397521962e+01
4.014311951998577399e+01
4.014822920713618970e+01
4.015336631018404745e+01
4.015852973485146293e+01
4.016371846453638739e+01
4.016893148703992722e+01
4.017416783877759201e+01
4.017942657880684720e+01
4.018470677973547822e+01
4.019000755003072101e+01
4.019532799106268328e+01
4.020066723754837312e+01
4.020602442543054877e+01
4.021139870783269288e+01
4.021678925758299528e+01
4.022219524387799083e+01
4.022761586365275832e+01
4.023305030709298080e+01
4.023849778096672480e+01
4.024395750258295124e+01
4.024942867609568964e+01
4.025491053609384551e+01
4.026040229639733070e+01
4.026590318795835799e+01
4.027141243760934231e+01
4.027692926109316574e+01
4.028245288883275776e+01
4.028798251930778207e+01
4.029351738533402738e+01
4.029905667572284500e+01
4.030459959474051601e+01
4.031014531669746503e+01
4.031569300214568585e+01
4.032124187299373119e+01
4.032678964231633501e+01
