6.347761643961934169e+03
6.373923188188542554e+03
6.396635262515185786e+03
6.414557572902573156e+03
6.430401079168514116e+03
6.450634489529806160e+03
6.470602253776991347e+03
6.493770496663160884e+03
6.516104881367024063e+03
6.529613351164069172e+03
6.551684854927369088e+03
6.564989922383138946e+03
6.580389027400809937e+03
6.594632880310903602e+03
6.614826638222304609e+03
6.642827195922104693e+03
6.657895431024496247e+03
6.669859237902585846e+03
6.682379032729890241e+03
6.698420820614929653e+03
6.711619204838390942e+03
6.723269816052788883e+03
6.745127921477216660e+03
6.756834789488228125e+03
6.778167304429593059e+03
