4.004711447590548801e+01
4.005033821166979635e+01
4.005360013672186881e+01
4.005690159578642806e+01
4.006024215952548673e+01
4.006362140081952816e+01
4.006703881279683799e+01
4.007049380866492072e+01
4.007398578860016158e+01
4.007751407743828054e+01
4.008107799881972966e+01
4.008467681490742507e+01
4.008830977942940876e+01
4.009197611791670113e+01
4.009567502291797325e+01
4.009940567841290004e+01
4.010316721827911834e+01
4.010695876819752925e+01
4.011077941462027496e+01
4.011462822123051097e+01
4.011850423263143739e+01
4.012240645162344066e+01
4.012633387038368937e+01
4.013028543657087255e+01
4.013426007755874281e+01
4.013825669470243440e+01
4.014227414038044373e+01
4.014631126276449891e+01
4.015036685505173608e+01
4.015443969363217747e+01
4.015852851819104075e+01
4.016263202543531463e+01
4.016674889511852342e+01
4.017087774452379279e+01
4.017501719567528085e+01
4.017916579715024739e+01
4.018332208483187884e+01
4.018748453755920025e+01
4.019165159482048466e+01
4.019582172973309753e+01
4.019999191818131123e+01
