2.721756581236911006e+04
2.722056917324020469e+04
2.722387100684708275e+04
2.722972696515180360e+04
2.723156811767702311e+04
2.723472379849346544e+04
2.723645106797372864e+04
2.723774422894731106e+04
2.723949241664954752e+04
2.724083207726377077e+04
2.724268803389295135e+04
2.724380247218193108e+04
2.724250798282548567e+04
2.723816368339750261e+04
2.723690517806219214e+04
2.723396814155550965e+04
2.723242721357290429e+04
2.722885291056213464e+04
2.722648550498444092e+04
2.720783821432946934e+04
2.718657918610308479e+04
2.717069231864426547e+04
2.715959936356916296e+04
2.714261699287498413e+04
2.712392606025009445e+04
2.710500434144162136e+04
2.709023818354105606e+04
2.707997805338576654e+04
2.706605233472854525e+04
2.703499711741212377e+04
2.701477819912074483e+04
2.699414909937489574e+04
2.698931697848743715e+04
2.694903398156107141e+04
2.692696917326944822e+04
2.690179937309273009e+04
2.687667206789025659e+04
2.684613566113765046e+04
2.681565889106955365e+04
2.679920708117434333e+04
2.675686945519071742e+04
2.671482867181529582e+04
2.670863532549931188e+04
2.669407810792347664e+04
2.667692709266432576e+04
2.665486680710466317e+04
2.662933175036784087e+04
2.660406537435794962e+04
2.657870829613179012e+04
2.655365325019434749e+04
2.654350784739859591e+04
2.652988353913728861e+04
2.651833345739126162e+04
2.649371615734677835e+04
2.646912599104216497e+04
2.644489056257750417e+04
2.642091286371520982e+04
2.639705994644615203e+04
2.637820303144583522e+04
2.637348905728945829e+04
2.636733239762804806e+04
2.633287776778242915e+04
2.630676134415012348e+04
2.628093528802625588e+04
2.625538762775460418e+04
2.623013579545484754e+04
2.620786439518043699e+04
2.618580626714908794e+04
2.615334729756046363e+04
2.614126164865240207e+04
2.612595523457192394e+04
2.610374544278671601e+04
2.608020903805918351e+04
2.605543205240739553e+04
2.602971842610516251e+04
2.600510714105714214e+04
2.598069309937581784e+04
2.595840486502361455e+04
2.593629519594187514e+04
2.591425020783060245e+04
2.589229691092200665e+04
2.587050052329220125e+04
2.584873223192774822e+04
2.582713312060559838e+04
2.580553703802568270e+04
2.579016515494805572e+04
2.575705158402519373e+04
2.572418892427533865e+04
2.569778538414427385e+04
2.566856077634456233e+04
2.563954307185244761e+04
2.560838393784704749e+04
2.560303103140621170e+04
2.556752354617893434e+04
2.555312287468248905e+04
2.553684665665385546e+04
