1.999999998461188255e+01
2.000161964825421279e+01
2.000325947861340836e+01
2.000492097705642891e+01
2.000660397835564197e+01
2.000830838894957253e+01
2.001003410023825069e+01
2.001178101054259884e+01
2.001354901028588529e+01
2.001533798541159825e+01
2.001714780674870298e+01
2.001897834273859189e+01
2.002082946418084930e+01
2.002270103430340242e+01
2.002459290531137270e+01
2.002650492983140396e+01
2.002843696564367093e+01
2.003038886133573016e+01
2.003236045009996502e+01
2.003435165444032151e+01
2.003636077380461700e+01
