7.092960598411806131e+03
7.102931938136012832e+03
7.108259546831869557e+03
7.114382031114762867e+03
7.120600730330438637e+03
7.124438475085617938e+03
7.128893864983706408e+03
7.136091082670161995e+03
7.140047808145816816e+03
7.143325994182432623e+03
7.146795083330591297e+03
7.150027280289737973e+03
7.152364831873353069e+03
7.154662353653583523e+03
7.157644555445261176e+03
7.159529538916586716e+03
7.161268505463397560e+03
7.162861210267626120e+03
7.164315805625670691e+03
7.165705346629003543e+03
7.166975412757676168e+03
7.167690476438736368e+03
7.168397453104225860e+03
7.168832470729429588e+03
7.168996546965930065e+03
7.168649646619655869e+03
7.168056445789234203e+03
7.166520286737190872e+03
