1.999999994948498028e+01
2.000232761156274108e+01
2.000468477523450872e+01
2.000707291834026336e+01
2.000949184849717710e+01
2.001194144295102006e+01
2.001442156166534403e+01
2.001693206929612501e+01
2.001947282032266884e+01
2.002204366233155497e+01
2.002464442538246914e+01
2.002727493458855434e+01
2.002993501472835902e+01
2.003262448013372676e+01
2.003534313109739884e+01
2.003809076499443620e+01
2.004086718067247119e+01
2.004367216360164150e+01
2.004650547914817338e+01
2.004936697612341590e+01
2.005225487683468089e+01
