1.152786972996573468e+03
1.155572641217145019e+03
1.159164055711582932e+03
1.162532682476669379e+03
1.167410473994415042e+03
1.170600970014061204e+03
1.173828051036556872e+03
1.179123308760266355e+03
1.182707039802681265e+03
1.188493074566535824e+03
1.192625943649409464e+03
1.197251313890678148e+03
1.201567759516634624e+03
1.211840475096334558e+03
1.218146594304996142e+03
1.224531062900323832e+03
1.230327541390377519e+03
1.236140027336080266e+03
1.241795900497787443e+03
1.249069970639203575e+03
1.254878993018562142e+03
1.260906534421711967e+03
1.268219865820536597e+03
1.276205040397860330e+03
1.284163694915052247e+03
1.292450648738624750e+03
1.303382500812966100e+03
1.312596714529620840e+03
