1.741479420807343558e+03
1.748393149183376181e+03
1.752625527453276391e+03
1.758036179371017397e+03
1.764230771155790308e+03
1.768464171321361391e+03
1.773837698975120020e+03
1.783777509522536548e+03
1.790063736614344862e+03
1.795825088751402745e+03
1.802586274948021128e+03
1.809644437283961679e+03
1.815315725871071663e+03
1.821466966764681729e+03
1.830550668862491648e+03
1.837140335278875000e+03
1.844013816538518540e+03
1.851217178202514560e+03
1.858871377197517631e+03
1.867643105453063981e+03
1.877802264051615339e+03
1.885214321584407571e+03
1.895266906928192384e+03
1.905603264926343172e+03
1.917828675138753852e+03
1.934901375401245332e+03
1.946654192386686418e+03
1.965929823761710850e+03
