1.070157503236534239e+03
1.073532786110840107e+03
1.077950392063903337e+03
1.081285214792151692e+03
1.084232067542532377e+03
1.087427276267398383e+03
1.090348739672794864e+03
1.092821206777325415e+03
1.095646549808322334e+03
1.098654264569613360e+03
1.101324434072310169e+03
1.105996208958413945e+03
1.108496944610335049e+03
1.111012819000703757e+03
1.113958270328939079e+03
1.116225693201086187e+03
1.120001618328823497e+03
1.122230355650303181e+03
1.125009508858536719e+03
1.127063710181637816e+03
