6.681349839966844229e+03
6.629392665263151684e+03
6.583943932021341425e+03
6.547846131817265814e+03
6.515757466660284990e+03
6.474526580636525978e+03
6.433550609801177416e+03
6.385634936589562130e+03
6.339048146009791708e+03
6.310674619067176536e+03
6.263982653381179261e+03
6.235629317114568948e+03
6.202611820089556204e+03
6.171872024362017328e+03
6.127950009949147898e+03
6.066349606538208718e+03
6.032845380886931707e+03
6.006058371702825752e+03
5.977844241967547532e+03
5.941410101827026665e+03
5.911185790113478106e+03
5.884312101629176141e+03
5.833379293387595681e+03
5.805811212973173497e+03
5.755025326817344649e+03
