4.679820047041248472e+03
4.697860319318685470e+03
4.707622324865483279e+03
4.718965961931622587e+03
4.730647823667805824e+03
4.737951007241113984e+03
4.746534568794263578e+03
4.760688663494896900e+03
4.768658056292684705e+03
4.775387375940787933e+03
4.782660616867021417e+03
4.789610830276168599e+03
4.794766997634243126e+03
4.799966941119407238e+03
4.806968115095187386e+03
4.811587496367272252e+03
4.816030829693362648e+03
4.820308253980882000e+03
4.824460908096413732e+03
4.828761956410951825e+03
4.833183348591726826e+03
4.836059969397279929e+03
4.839527577714251493e+03
4.842611257978648609e+03
4.845680088798249926e+03
4.849014935729976969e+03
4.850725700766684895e+03
4.852601830918564701e+03
