6.094815520141494858e+00
6.095026363909417100e+00
6.095268314454778569e+00
6.095509646543734839e+00
6.095724328446767259e+00
6.095973500928602462e+00
6.096223421958976374e+00
6.096435618806406609e+00
6.096683739639781052e+00
6.096947239283413644e+00
6.097159517026498499e+00
6.097399396012709971e+00
6.097677447708312215e+00
6.097897254274474044e+00
6.098122205333106116e+00
6.098409734006661864e+00
6.098647104407634245e+00
6.098855453104493840e+00
6.099141668223262869e+00
6.099404939507345524e+00
6.099602327357224851e+00
6.099873665180809645e+00
6.100165253939958454e+00
6.100364009716638947e+00
6.100608501434688691e+00
6.100922576874708625e+00
6.101139259424022576e+00
6.101351575192396126e+00
6.101672870114771996e+00
6.101920577657653055e+00
6.102105843898563364e+00
6.102418735403305483e+00
6.102704102870976755e+00
6.102872391650450368e+00
6.103163581818161099e+00
6.103484083838615071e+00
6.103644898636042981e+00
6.103924760793862703e+00
6.104254947550343147e+00
6.104350285200195181e+00
6.105825461805667764e+00
