4.005676282037015312e+01
4.005928672733551110e+01
4.006182467709863460e+01
4.006437764312212835e+01
4.006694498688705863e+01
4.006952617021581631e+01
4.007212065459513184e+01
4.007472788547030262e+01
4.007734735008340721e+01
4.007997850921547212e+01
4.008262086788903389e+01
4.008527391264213691e+01
4.008793716363793891e+01
4.009061015388751059e+01
4.009329242350904110e+01
4.009598354340221249e+01
4.009868307309897517e+01
4.010139060164965485e+01
4.010410571607148711e+01
4.010682801771274342e+01
4.010955712563509223e+01
4.011229265392119459e+01
4.011503424315196753e+01
4.011778152650121854e+01
4.012053415399170575e+01
4.012329178726370316e+01
4.012605407714119821e+01
4.012882070861516581e+01
4.013159135025733804e+01
4.013436569207426174e+01
4.013714342448359673e+01
4.013992423127075426e+01
4.014270781474108674e+01
4.014549385033106432e+01
4.014828205380016612e+01
4.015107210405977156e+01
4.015386370395687265e+01
4.015665653763865350e+01
4.015945028580887310e+01
4.016224470726917417e+01
4.016503801854993583e+01
