1.597912158424876594e+01
1.600894469176730439e+01
1.604373120921767537e+01
1.607341906519424057e+01
1.611247534973552575e+01
1.613597987315793603e+01
1.615838581942894336e+01
1.619262326459474011e+01
1.621426749469585005e+01
1.624701404260135362e+01
1.626895863845599166e+01
1.629227398975260144e+01
1.631297383838500537e+01
1.635870138652505190e+01
1.638464834574092066e+01
1.640950286268161662e+01
1.643096440639375899e+01
1.645153083569359964e+01
1.647070480006851767e+01
1.649425567963718109e+01
1.651224161322722139e+01
1.653019479402680858e+01
1.655108149443061549e+01
1.657285460526700405e+01
1.659357159798116754e+01
1.661418430398881796e+01
1.664000749846125871e+01
1.666066665030839999e+01
