1.430808942229183067e+01
1.433100263698718990e+01
1.435084032193711501e+01
1.436645729289063844e+01
1.438023460869263914e+01
1.439778944382389092e+01
1.441506830897754199e+01
1.443505758714396414e+01
1.445426457704365752e+01
1.446585029685241253e+01
1.448472741667833041e+01
1.449607403429092045e+01
1.450917441470517666e+01
1.452126034033304158e+01
1.453834049852539678e+01
1.456191283104992529e+01
1.457454174422004556e+01
1.458453932922966523e+01
1.459497257783975677e+01
1.460829589809344675e+01
1.461921825360410310e+01
1.462882896734938853e+01
1.464677828457413611e+01
1.465634572361070909e+01
1.467369225145055545e+01
