2.044128007993597151e+01
2.059965766254079966e+01
2.062614572318764061e+01
2.042283290427926445e+01
2.034141321409481051e+01
2.023398773454173494e+01
2.021315867924684540e+01
2.022404827174306163e+01
2.027705227850365333e+01
2.034177146074224396e+01
2.043070575951760404e+01
2.043592966212441553e+01
2.035789984021943511e+01
2.029266453743415610e+01
2.028705396331223909e+01
2.029113869808359283e+01
2.029915644092098503e+01
2.032199031017350421e+01
2.033687141331713377e+01
2.040016917826312692e+01
2.040349194473835226e+01
2.040131612461154376e+01
2.041067470023159558e+01
2.044773149240838350e+01
2.050538875482240542e+01
2.054879138547202189e+01
2.055917309821320416e+01
2.055716221443772440e+01
2.055309941344328095e+01
2.058902892079352398e+01
2.064154541944560250e+01
2.068381464710028084e+01
2.068902770475039787e+01
2.067300118958461752e+01
2.066613683275383906e+01
2.070192634077457683e+01
2.076876000883293827e+01
2.082550963122032428e+01
2.083227167298052152e+01
2.083710412317912031e+01
2.093115533157665453e+01
2.104402721787915098e+01
2.104961941529992231e+01
2.105025204311771603e+01
2.103712798549723573e+01
2.102460315754418829e+01
2.104621797404442773e+01
2.109500528573570577e+01
2.112867346329175788e+01
2.112666194307966094e+01
2.112003350528784651e+01
2.111200330343888609e+01
2.110933108051141005e+01
2.112123186536499730e+01
2.114716746599751573e+01
2.116847033874508455e+01
2.117920876281381481e+01
2.118256144604513125e+01
2.118142920366901549e+01
2.118080642779716527e+01
2.117998854505212947e+01
2.118867065015157536e+01
2.123147233995898731e+01
2.129661339432465894e+01
2.134396208041057719e+01
2.136345265938950888e+01
2.139150394266201261e+01
2.145477232628271125e+01
2.155844770038190461e+01
2.157874119773946475e+01
2.158976441234342403e+01
2.160200580352350386e+01
2.164810668056371767e+01
2.173253989371328743e+01
2.181472432084235535e+01
2.185754942285836577e+01
2.187658702215479067e+01
2.190777276612792335e+01
2.197089824035859351e+01
2.205037216550217138e+01
2.211226951968562204e+01
2.213910064459512839e+01
2.214903091279350633e+01
2.217898709265197255e+01
2.224776309512960282e+01
2.231055042118870091e+01
2.241811319814879155e+01
2.245567732665961103e+01
2.251171653941474204e+01
2.266062104955831913e+01
2.282099414968877227e+01
2.287890414475742062e+01
2.287720007273974332e+01
2.289466427379589319e+01
2.296781705004335095e+01
2.312191977134180476e+01
