1.242600086488854849e+01
1.243065057297983067e+01
1.243526419592803300e+01
1.243984173373304181e+01
1.244438318639469010e+01
1.244888855391272742e+01
1.245335783628684645e+01
1.245779103351666528e+01
1.246218814560172738e+01
1.246654917254150696e+01
1.247087411433542670e+01
1.247516297098281335e+01
1.247941574248294216e+01
1.248363242883500490e+01
1.248781303003814358e+01
1.249195754609139897e+01
1.249606597699379051e+01
1.250016560843642210e+01
1.250422866736657390e+01
1.250825515378300423e+01
1.251224506768440037e+01
1.251619840906937853e+01
1.252011517793647677e+01
1.252399537428416032e+01
1.252783899811083401e+01
