5.940078440872563078e+03
5.949680970925960537e+03
5.958007133742550650e+03
5.964570386807882642e+03
5.970367044911201447e+03
5.977762316453364292e+03
5.985051919095788435e+03
5.993498777810993488e+03
6.001629774652155902e+03
6.006541748228090000e+03
6.014557473571009723e+03
6.019383297838036924e+03
6.024962601268718572e+03
6.030117373887846952e+03
6.037415154168227673e+03
6.047513306694871972e+03
6.052936915756919007e+03
6.057237573784453161e+03
6.061732636765847019e+03
6.067483750544672148e+03
6.072208051381157929e+03
6.076372531800314391e+03
6.084170258648608069e+03
6.088337941562589549e+03
6.095915896111256188e+03
