6.113597129966858120e+03
6.149721004332867778e+03
6.169995589720306270e+03
6.194284166086783443e+03
6.220218596147039534e+03
6.236966059057835082e+03
6.257238718512667219e+03
6.292265096530106348e+03
6.313007441167483194e+03
6.331193191907892469e+03
6.351639579146510187e+03
6.372062007571873437e+03
6.387856818859039777e+03
6.404424928795688174e+03
6.427918907330194088e+03
6.444302860786543533e+03
6.460854301869028859e+03
6.477655971929557381e+03
6.494945962183523989e+03
6.514103196095928979e+03
6.535486954838418569e+03
6.550587276924701655e+03
6.570444507350232016e+03
6.590170835920303944e+03
6.612672227973414010e+03
6.642730846184565053e+03
6.662583707004429016e+03
6.693809943137061055e+03
