1.837511264778605025e+01
1.852933116552815562e+01
1.856616006284899001e+01
1.840793496239469818e+01
1.834309654026523262e+01
1.826316453818942875e+01
1.825558542589870825e+01
1.827497376466359569e+01
1.833774168590726816e+01
1.840995633160915546e+01
1.851526061465639472e+01
1.854476190329597429e+01
1.850476579253574627e+01
1.847476752000317646e+01
1.847682167824564203e+01
1.849550308869452664e+01
1.850939252884109010e+01
1.854261805219558212e+01
1.856286266939306628e+01
1.865472098377458465e+01
1.868274711201153337e+01
1.869755268003082804e+01
1.871737721893530093e+01
1.876779492686599582e+01
1.883846442523092080e+01
1.889651554336532868e+01
1.892056092187835503e+01
1.892899924697084302e+01
1.893922767678352059e+01
1.900174499303209785e+01
1.906881172010528758e+01
1.912762173845337443e+01
1.913722873916089284e+01
1.916433622831459616e+01
1.918155193841203143e+01
1.924127416338250285e+01
1.932981926930121475e+01
1.941627877944631209e+01
1.945855890825595935e+01
1.948291213499515351e+01
1.962115596478077961e+01
1.977922562294262576e+01
1.979280731827886086e+01
1.981366372986908075e+01
1.982611837124046872e+01
1.984676643753861924e+01
1.990440472101933622e+01
1.998762298243521229e+01
2.005886346125411990e+01
2.009875535217948084e+01
2.011004271779123442e+01
2.012635200140098846e+01
2.014425764895704063e+01
2.019951377828566308e+01
2.026910280729538982e+01
2.033506269791686094e+01
2.039144633869774026e+01
2.044054610641084579e+01
2.047527199545558929e+01
2.048352219547339104e+01
2.049420750010411396e+01
2.056390287047819498e+01
2.064670291228710397e+01
2.074704931423790200e+01
2.082939412585519889e+01
2.088499859257855462e+01
2.094250489156496187e+01
2.102954406864144588e+01
2.116150901689755415e+01
2.119212342452527409e+01
2.121629944473414042e+01
2.124482316434530560e+01
2.130051944530006125e+01
2.138776755151981135e+01
2.147084807012701901e+01
2.151701525372498125e+01
2.154141997933494679e+01
2.157605940583390591e+01
2.163932179200930506e+01
2.171702996907581706e+01
2.177858280889320142e+01
2.180829504009712849e+01
2.182262197965550854e+01
2.185484926768832992e+01
2.192184869612834319e+01
2.198181092775313772e+01
2.208564282032746107e+01
2.212607106236907129e+01
2.218183005389458984e+01
2.232179714617229749e+01
2.247189163878283225e+01
2.252986012430290330e+01
2.252930500907212519e+01
2.255160566723021631e+01
2.262030156850749307e+01
2.276243756871622637e+01
