2.915140676782297291e+01
2.912402562488690805e+01
2.909981020744468339e+01
2.908039793796848826e+01
2.906300629637906141e+01
2.904046961011146166e+01
2.901785679288545339e+01
2.899113637503545959e+01
2.896486372491680683e+01
2.894871802811270456e+01
2.892190576362341758e+01
2.890547447243746504e+01
2.888619509148075082e+01
2.886810319824498805e+01
2.884201020831654105e+01
2.880492269034721886e+01
2.878450386532615468e+01
2.876805090057270320e+01
2.875059658554461350e+01
2.872786456197040295e+01
2.870883950686050312e+01
2.869179381843965260e+01
2.865914596518380009e+01
2.864128457162362551e+01
2.860802181451910187e+01
