4.015959248180418228e+01
4.017110439222926033e+01
4.018256028532432111e+01
4.019395469862631387e+01
4.020528073525565560e+01
4.021653191154903340e+01
4.022770204192158872e+01
4.023878523391820750e+01
4.024977595635382954e+01
4.026066898978580610e+01
4.027145951090194842e+01
4.028214304370091270e+01
4.029271552919934152e+01
4.030317332295766164e+01
4.031351320336965216e+01
4.032373241618660842e+01
4.033382865391623540e+01
4.034380010918201265e+01
4.035364546126823626e+01
4.036336390985751876e+01
4.037295518831570718e+01
4.038241955038987641e+01
4.039175781694753198e+01
4.040097135090147162e+01
4.041006208686321344e+01
4.041903253908571969e+01
4.042788578595271076e+01
4.043662551454194443e+01
4.044525597724352650e+01
4.045378203663127437e+01
4.046220914033838767e+01
4.047054331668014981e+01
4.047879120301806921e+01
4.048695999801667966e+01
4.049505752078830056e+01
4.050309213685950738e+01
4.051107280433090807e+01
4.051900902302082841e+01
4.052691082948983592e+01
4.053478890670078272e+01
4.054265246918805587e+01
