1.637304337793191067e+01
1.642622066729572339e+01
1.645367699906709191e+01
1.648425904533883468e+01
1.651408090215349489e+01
1.653175603497829016e+01
1.655146127283078528e+01
1.658105713379095647e+01
1.659586883830952431e+01
1.660715846491870096e+01
1.661792615020320341e+01
1.662661166249956679e+01
1.663188690746440557e+01
1.663604733324055474e+01
1.663949592314002146e+01
1.664017012750367641e+01
1.663938202453403292e+01
1.663704822645165748e+01
1.663300750802800465e+01
1.662655581173378749e+01
1.661685676527223876e+01
1.660839167872246236e+01
1.659518574503822919e+01
1.657969090183479111e+01
1.655906395460939606e+01
1.652647752634063849e+01
1.650171885537710637e+01
1.645741530556602328e+01
