1.808803443766199280e+03
1.796714235037664366e+03
1.789950131106708341e+03
1.781867148053442861e+03
1.773261317420225623e+03
1.767717900394699654e+03
1.761022486717326046e+03
1.749493471223936240e+03
1.742689920179299179e+03
1.736739838033520982e+03
1.730067020764453673e+03
1.723420197589623285e+03
1.718292175600834753e+03
1.712925149193458765e+03
1.705336101401433325e+03
1.700058940230448115e+03
1.694740735027832216e+03
1.689355597579052983e+03
1.683828342238343794e+03
1.677721508435875876e+03
1.670926849037731927e+03
1.666142934856000011e+03
1.659870206003642352e+03
1.653659693802804895e+03
1.646601425658597236e+03
1.637216785812986018e+03
1.631046919679803068e+03
1.621389520423680779e+03
