9.719196516463529179e+02
9.732276739433101511e+02
9.749336422276669509e+02
9.762167607400909901e+02
9.773470761510537841e+02
9.785687555627102938e+02
9.796820727221777361e+02
9.806214150111692334e+02
9.816914723070075297e+02
9.828265111041188220e+02
9.838304808739370628e+02
9.855782396355971287e+02
9.865089366768050922e+02
9.874416643559558224e+02
9.885288438626179186e+02
9.893620614118542562e+02
9.907420674167705101e+02
9.915519506623866164e+02
9.925567058769189543e+02
9.932955197221440358e+02
