1.423691331739667021e+01
1.422936169222470504e+01
1.422279059686579927e+01
1.421759492041620199e+01
1.421299400537993485e+01
1.420710714058458635e+01
1.420128486822992642e+01
1.419451289866216648e+01
1.418796712158451889e+01
1.418399933822250958e+01
1.417750163579414924e+01
1.417357555249983747e+01
1.416902261401864749e+01
1.416480240539605795e+01
1.415880419570957827e+01
1.415045615064709139e+01
1.414594801167571880e+01
1.414236043806864629e+01
1.413859806118207807e+01
1.413376473035747338e+01
1.412977710729509617e+01
1.412624852199188652e+01
1.411960563017156822e+01
1.411603497614476588e+01
1.410950403731964009e+01
