1.989774494263865279e+01
1.987344219303391313e+01
1.984550533490421742e+01
1.982202750962822080e+01
1.979167629406224194e+01
1.977371656256110555e+01
1.975681909633578570e+01
1.973143582561730724e+01
1.971567243689578675e+01
1.969226013482663973e+01
1.967687727568505807e+01
1.966081474798662043e+01
1.964680604078059645e+01
1.961674456175010661e+01
1.960025946885594195e+01
1.958488107141113943e+01
1.957194231953552688e+01
1.955985253323799000e+01
1.954886560475377166e+01
1.953576317704616017e+01
1.952606131255179278e+01
1.951665203144681371e+01
1.950606636838885777e+01
1.949546522660637393e+01
1.948581126536134889e+01
1.947664793424437946e+01
1.946582843283863440e+01
1.945773475581250977e+01
