1.373978093764078423e+01
1.375845270411008059e+01
1.378099754582858694e+01
1.380091734633663769e+01
1.382812143468694543e+01
1.384506373027542914e+01
1.386162970019025664e+01
1.388775810403407185e+01
1.390480443093698426e+01
1.393140919473600015e+01
1.394980956315446896e+01
1.396988367383318064e+01
1.398817566498582110e+01
1.403023400265128373e+01
1.405516658192089707e+01
1.407981884735536759e+01
1.410174028494333598e+01
1.412332421123146986e+01
1.414397693385153687e+01
1.417007608138910513e+01
1.419057599673707415e+01
1.421155121589391079e+01
1.423662705243778070e+01
1.426357592358991333e+01
1.429002497204416322e+01
1.431716513666642498e+01
1.435239676398056829e+01
1.438163116227676497e+01
