1.490615381348173507e+01
1.494149570003784078e+01
1.498197956810861697e+01
1.501587312237706584e+01
1.505949741866124114e+01
1.508519958355947388e+01
1.510929884121377320e+01
1.514533631193795671e+01
1.516760772084024289e+01
1.520051585971473962e+01
1.522201630315180587e+01
1.524435295585248440e+01
1.526372985595554432e+01
1.530494026960378129e+01
1.532729224806318946e+01
1.534795950725820468e+01
1.536519213830583119e+01
1.538114857800585078e+01
1.539551228970538510e+01
1.541244744198322714e+01
1.542483208260120797e+01
1.543669871476013000e+01
1.544985359587986018e+01
1.546278502040576441e+01
1.547430890439701479e+01
1.548497814294458941e+01
1.549715464622479466e+01
1.550588297602496723e+01
