2.457220028421905056e+01
2.456903498886705250e+01
2.456481965559823166e+01
2.456075784109219384e+01
2.455473194470283005e+01
2.455071552730740692e+01
2.454660282264258697e+01
2.453976154055373016e+01
2.453507542239747607e+01
2.452742882556895765e+01
2.452191390619875477e+01
2.451569610448017755e+01
2.450985472809601973e+01
2.449582299678261066e+01
2.448713134831947258e+01
2.447827976506415482e+01
2.447020285280552798e+01
2.446206859412582446e+01
2.445412272659091002e+01
2.444386275794302676e+01
2.443563905010856985e+01
2.442707994553639139e+01
2.441666211355667926e+01
2.440524933741945546e+01
2.439383834325524703e+01
2.438192143234852338e+01
2.436615083051357544e+01
2.435281751102152725e+01
