6.087714834170452782e+00
6.087847889380385347e+00
6.087981819056058619e+00
6.088118060769195594e+00
6.088255651272658220e+00
6.088395017476893045e+00
6.088536710342459912e+00
6.088679403355078179e+00
6.088824019184947645e+00
6.088971003293779383e+00
6.089118744983791132e+00
6.089268625357772358e+00
6.089420796568193239e+00
6.089573478717430710e+00
6.089728498556095992e+00
6.089885704566468938e+00
6.090043267378266734e+00
6.090203399563665521e+00
6.090365591818596158e+00
6.090527931215145685e+00
6.090692930924668680e+00
6.090859790848957900e+00
6.091026719623677366e+00
6.091196574223012306e+00
6.091368084464297006e+00
6.091539482837739605e+00
6.091713961540328626e+00
6.091889811773724794e+00
6.092065543918135262e+00
6.092244684849013936e+00
6.092424751437143904e+00
6.092604608622851359e+00
6.092788139747790765e+00
6.092971988214501700e+00
6.093155851615606799e+00
6.093343730016835380e+00
6.093530926855617480e+00
6.093719170441073807e+00
6.093911062172249871e+00
6.094098904975761677e+00
6.094326984348063192e+00
