1.437868842835809957e+01
1.438390616521902921e+01
1.438667882709908596e+01
1.438984979869782777e+01
1.439305095725092265e+01
1.439501494846240348e+01
1.439728212759995074e+01
1.440090911893322101e+01
1.440287998779142775e+01
1.440449732415568640e+01
1.440619017231699850e+01
1.440774609696438091e+01
1.440885542392058127e+01
1.440992953376861152e+01
1.441129283684399454e+01
1.441213071324429862e+01
1.441288135973081452e+01
1.441354334861987851e+01
1.441411770482733168e+01
1.441462534060481993e+01
1.441502913219758675e+01
1.441520890457439741e+01
1.441531006798076220e+01
1.441525564602197029e+01
1.441500107003120590e+01
1.441433290814774359e+01
1.441368059429235338e+01
1.441230502785649747e+01
