4.663150093413660784e+02
4.661006018174772976e+02
4.658663151063596501e+02
4.657258845982107118e+02
4.656290898777011193e+02
4.655543060336731287e+02
4.655145442694870326e+02
4.655031141844070248e+02
4.655159856340076772e+02
4.655613425728164430e+02
4.656301557595946292e+02
4.658187072103967239e+02
4.659572098811514707e+02
4.661244466576222294e+02
4.663574599566651386e+02
4.665654660233685149e+02
4.669702719898179453e+02
4.672453163704169015e+02
4.676280709404983895e+02
4.679407663854744328e+02
