1.891212504757814372e+01
1.891412927198182814e+01
1.891476282808573828e+01
1.891504682055017383e+01
1.891476765311352892e+01
1.891426195517641062e+01
1.891330225005895116e+01
1.891072909117919210e+01
1.890864709878104577e+01
1.890647290437885886e+01
1.890363256344719645e+01
1.890037002015353451e+01
1.889755022028449716e+01
1.889431003851401059e+01
1.888921142289438038e+01
1.888529994679352342e+01
1.888104639626493153e+01
1.887641317196423429e+01
1.887130826765629266e+01
1.886524604994386323e+01
1.885796573448369529e+01
1.885249240040328900e+01
1.884486837482488397e+01
1.883680607508921767e+01
1.882700254647435045e+01
1.881287183379988903e+01
1.880287347795992048e+01
1.878604492068662779e+01
