1.349387774140049441e+04
1.350300130518428523e+04
1.351076107550671986e+04
1.351677452783093213e+04
1.352200691307336820e+04
1.352857107780994011e+04
1.353491447519461690e+04
1.354209980974422433e+04
1.354884060455872168e+04
1.355282528506474955e+04
1.355917964782679155e+04
1.356291305742235454e+04
1.356713926076932148e+04
1.357095476056173538e+04
1.357620350646148654e+04
1.358315321900662639e+04
1.358672653410411658e+04
1.358947649910385917e+04
1.359226861558740529e+04
1.359571321774275930e+04
1.359843067317106397e+04
1.360073839475224668e+04
1.360482637471501948e+04
1.360687991574207081e+04
1.361036313673034601e+04
