1.701340829324281458e+03
1.704645837456372419e+03
1.708956886290702187e+03
1.712199804818862958e+03
1.715056854613749692e+03
1.718145197836711986e+03
1.720959946094115594e+03
1.723335106075571503e+03
1.726041092985440628e+03
1.728911785593990999e+03
1.731451326831064989e+03
1.735873103844728121e+03
1.738228194628817391e+03
1.740588763654033983e+03
1.743340678119737959e+03
1.745450105055284212e+03
1.748944537319466917e+03
1.750995760442397341e+03
1.753541039788740363e+03
1.755413001075743068e+03
