1.629799118489087505e+03
1.636425409065267786e+03
1.645076215469311592e+03
1.651589550078171669e+03
1.657332313310685777e+03
1.663544903234649382e+03
1.669211802940397547e+03
1.673997330851464767e+03
1.679453684372155749e+03
1.685247375676064394e+03
1.690377458839894416e+03
1.699321142845343047e+03
1.704090930818725383e+03
1.708876496772115161e+03
1.714461706345818357e+03
1.718747785724209280e+03
1.725857941290749295e+03
1.730037753335219804e+03
1.735231146050953839e+03
1.739055840606828951e+03
