6.085814232598135476e+00
6.086410916042389374e+00
6.087024813602584850e+00
6.087653746380341957e+00
6.088297755850883064e+00
6.088959068316468048e+00
6.089633549493714604e+00
6.090324280881219465e+00
6.091030584295697103e+00
6.091749570799179558e+00
6.092485397540778891e+00
6.093234240489658227e+00
6.093996348087663328e+00
6.094774386028182889e+00
6.095563138598102171e+00
6.096366618835306284e+00
6.097182930164668946e+00
6.098009605831762769e+00
6.098851682090348447e+00
6.099698645353784698e+00
6.100618616976380082e+00
