2.834254550242854975e+02
2.849213275004552770e+02
2.868978280156799769e+02
2.884045691813457211e+02
2.897470275625691443e+02
2.912147938246870922e+02
2.925683522360450866e+02
2.937228459575106854e+02
2.950525708586324640e+02
2.964808945754784872e+02
2.977604359831437364e+02
3.000266321489206689e+02
3.012548495341747525e+02
3.025017531372835151e+02
3.039765734926170353e+02
3.051234450721096323e+02
3.070568831247063031e+02
3.082126567986076680e+02
3.096699098571654076e+02
3.107590457863745428e+02
