8.486731957523212259e+03
8.508506930305045898e+03
8.527343342399874018e+03
8.542161243797752832e+03
8.555225361127217184e+03
8.571859765224335206e+03
8.588219311837008718e+03
8.607127670923789992e+03
8.625277487950084833e+03
8.636216271425795640e+03
8.654023626373493244e+03
8.664717455653275465e+03
8.677054579709327299e+03
8.688426874291581044e+03
8.704482216371790855e+03
8.726606790667734458e+03
8.738443024063473786e+03
8.747804135379377840e+03
8.757564349590742495e+03
8.770014460827953371e+03
8.780208878478239058e+03
8.789169596170982913e+03
8.805879736572920592e+03
8.814772410824987674e+03
8.830868270054712411e+03
