2.062826782669925052e+01
2.061718276154878993e+01
2.060452736677460095e+01
2.059397049829292570e+01
2.058044026254665582e+01
2.057250221926380362e+01
2.056508420873549170e+01
2.055404128065690728e+01
2.054724967686343717e+01
2.053726647006376282e+01
2.053078135719820096e+01
2.052407920198470137e+01
2.051829735954683898e+01
2.050611650966387600e+01
2.049958764979855630e+01
2.049360959580717889e+01
2.048867517683300576e+01
2.048415340251538197e+01
2.048012789598609729e+01
2.047544595545852175e+01
2.047207397114885197e+01
2.046889196331390437e+01
2.046543147364436521e+01
2.046211418311332153e+01
2.045924732334648866e+01
2.045669048207694019e+01
2.045392875640077790e+01
2.045209523704518162e+01
