2.409334278615119729e+01
2.409684753320160766e+01
2.409998949119375666e+01
2.410253668234545898e+01
2.410484003436902611e+01
2.410785447285801908e+01
2.411091245014670648e+01
2.411456851558287084e+01
2.411820781750937925e+01
2.412046599878888742e+01
2.412425211429051330e+01
2.412659441624350265e+01
2.412936390657371533e+01
2.413198346315154197e+01
2.413579640696545781e+01
2.414128608153969680e+01
2.414434318863335704e+01
2.414682428263093072e+01
2.414947357141597806e+01
2.415295026329162553e+01
2.415588271522516095e+01
2.415852751321994063e+01
2.416363872084525255e+01
2.416646014440538082e+01
2.417176122301104257e+01
