1.628066299348864021e+01
1.628865516932111746e+01
1.629887973711659654e+01
1.630641288558947011e+01
1.631293077769957378e+01
1.631984452939618180e+01
1.632602039886509004e+01
1.633113407644857062e+01
1.633684567723264891e+01
1.634276493643741546e+01
1.634787469118140280e+01
1.635646812578731613e+01
1.636087694558639072e+01
1.636517055896808159e+01
1.637000795882767434e+01
1.637358617485527645e+01
1.637924781860344225e+01
1.638240593075463281e+01
1.638614160982470480e+01
1.638875132356319853e+01
