1.635291874645323773e+01
1.637863171018137720e+01
1.640938235736791739e+01
1.643629880757266548e+01
1.647269798920065398e+01
1.649516859752775488e+01
1.651700055924490940e+01
1.655116795902159055e+01
1.657329137658303608e+01
1.660756979300036917e+01
1.663110713134461349e+01
1.665663412606928517e+01
1.667976285313361373e+01
1.673249029271281785e+01
1.676346668273150797e+01
1.679390101396840151e+01
1.682080918199977404e+01
1.684716639345242228e+01
1.687226420435228036e+01
1.690381620942593699e+01
1.692847512638658358e+01
1.695359692115758676e+01
1.698349050364593893e+01
1.701545392488587183e+01
1.704666664760255657e+01
1.707853870471781121e+01
1.711968670258940861e+01
1.715364441138154561e+01
