1.354016908485580828e+01
1.353705609431335155e+01
1.353726141648169090e+01
1.353939501752455321e+01
1.354398766360711015e+01
1.354824664345080976e+01
1.355478330999240200e+01
1.356971338755678858e+01
1.358077309485695316e+01
1.359185583734046254e+01
1.360588946371079899e+01
1.362159769983560054e+01
1.363492494585776349e+01
1.365002664631119522e+01
1.367344395215492625e+01
1.369118863509002537e+01
1.371031521327047464e+01
1.373098421902343347e+01
1.375359326202015886e+01
1.378025744652751960e+01
1.381206138153774354e+01
1.383584046737286322e+01
1.386880527549666198e+01
1.390349419898666739e+01
1.394547546428150220e+01
1.400566791864935645e+01
1.404806770237436808e+01
1.411913818368718587e+01
