2.167799927844142260e+01
2.168220866321384221e+01
2.168703628152036345e+01
2.169108325879664889e+01
2.169629996149397044e+01
2.169937807644185312e+01
2.170226763712253870e+01
2.170659541924604952e+01
2.170927452603210028e+01
2.171324026956104092e+01
2.171583638342190881e+01
2.171853827163957362e+01
2.172088654405865427e+01
2.172589662691860468e+01
2.172862466367616463e+01
2.173115510018169871e+01
2.173327186159932722e+01
2.173523831119367244e+01
2.173701460938990238e+01
2.173911767776400339e+01
2.174066273626260326e+01
2.174214985340702810e+01
2.174380755737991322e+01
2.174544863132878803e+01
2.174692328318482026e+01
2.174830187273242288e+01
2.174989656751681721e+01
2.175105962976295260e+01
