5.991704507669641799e+00
6.006595403241538733e+00
6.020721783916908265e+00
6.034079599972572261e+00
6.046663013444812051e+00
6.058468107450415197e+00
6.069491601114635593e+00
6.079730757444641753e+00
6.089184053504854255e+00
6.097850224576983003e+00
6.105728735817089081e+00
6.112819745627397161e+00
6.119123713602395931e+00
6.124641732708358433e+00
6.129374948080699603e+00
6.133325141926175839e+00
6.136494371627488675e+00
6.138884751568411957e+00
6.140499079096620072e+00
6.141339735579990133e+00
6.141414244074678841e+00
