1.452773052953713950e+01
1.450444745164707605e+01
1.449135886194826739e+01
1.447565874692906718e+01
1.445886995158508448e+01
1.444801453150528481e+01
1.443485933802362275e+01
1.441209129761936047e+01
1.439858447311381795e+01
1.438672757525562496e+01
1.437337991014553573e+01
1.436002976426195232e+01
1.434969206476320913e+01
1.433883621849680168e+01
1.432342090594815609e+01
1.431265560262201220e+01
1.430176738465875097e+01
1.429070112573576523e+01
1.427929888721857665e+01
1.426664796665539114e+01
1.425250484049595912e+01
1.424250340215352040e+01
1.422933314563748475e+01
1.421622890505000214e+01
1.420125533304744536e+01
1.418120873859687947e+01
1.416794019685218764e+01
1.414702338486368127e+01
