2.089636395309839543e+02
2.095846868320695364e+02
2.103724927621186964e+02
2.109475234069875285e+02
2.114409097895481295e+02
2.119595817330226453e+02
2.124183600556288809e+02
2.127946262352455449e+02
2.132105857241086824e+02
2.136362958027355035e+02
2.139988098951053246e+02
2.145962555260086333e+02
2.148957635031678706e+02
2.151820161460152860e+02
2.154970394532074636e+02
2.157240800986039915e+02
2.160706154015252309e+02
2.162556531187238988e+02
2.164648978893874016e+02
2.166034720557368018e+02
