1.214934267181196992e+04
1.217374751980290603e+04
1.219501084910429927e+04
1.221184207678143321e+04
1.222676071499313730e+04
1.224586899909185922e+04
1.226479028138001377e+04
1.228682726580479357e+04
1.230815934687523077e+04
1.232110541982493123e+04
1.234233215819324869e+04
1.235517407183083742e+04
1.237008211687078074e+04
1.238391619468050703e+04
1.240360520403523697e+04
1.243106162489896451e+04
1.244591610703369588e+04
1.245775156367696763e+04
1.247017768992294623e+04
1.248616256718050499e+04
1.249936946081777751e+04
1.251107079836570483e+04
1.253313873973605769e+04
1.254502249763307191e+04
1.256680016166319547e+04
