1.734737149327294148e+01
1.749199096648329999e+01
1.752548069934833563e+01
1.737360595007168484e+01
1.731166417771994759e+01
1.723506115875434475e+01
1.722737432049028783e+01
1.724535114436920225e+01
1.730429153712391610e+01
1.737234059698143085e+01
1.747182772350757674e+01
1.750008495013149101e+01
1.746335291051303429e+01
1.743671291923025279e+01
1.743920277801775853e+01
1.745823372491103598e+01
1.747208895297899645e+01
1.750513059388282500e+01
1.752531996169234318e+01
1.762004795660432421e+01
1.765523652322821135e+01
1.767611519721506497e+01
1.769974337106785001e+01
1.775474268304590098e+01
1.782951168824703814e+01
1.789240951789356160e+01
1.792143705111666208e+01
1.793387618163573549e+01
1.794968170949614361e+01
1.802230600396413962e+01
1.809459333866469777e+01
1.815949251326424019e+01
1.817077515512233177e+01
1.821493465645760068e+01
1.824149465591261077e+01
1.830978325713686772e+01
1.840538975058073135e+01
1.850164232556857868e+01
1.855622372302077139e+01
1.858719501035417565e+01
1.873848780482219567e+01
1.890857092275976115e+01
1.892447281983483620e+01
1.895140926550431004e+01
1.897172821711267332e+01
1.900229189830361420e+01
1.906960124576468019e+01
1.916100178911332108e+01
1.924121342577795701e+01
1.929173478846360723e+01
1.930761939188003495e+01
1.933005280412440285e+01
1.935292947876730452e+01
1.941784959174551872e+01
1.949635852618553855e+01
1.957136784849269517e+01
1.963733565293154726e+01
1.969641118073404229e+01
1.973922158060013388e+01
1.974951080568142103e+01
1.976286196728398892e+01
1.984700435786139749e+01
1.993933102064230312e+01
2.004824572450622711e+01
2.013995520578123433e+01
2.020617020309699896e+01
2.027268779304004198e+01
2.036725412712635475e+01
2.051003106539796406e+01
2.054556529051015801e+01
2.057687019052708521e+01
2.061626245189764717e+01
2.068206501463946978e+01
2.077848259701893241e+01
2.087149497719089197e+01
2.092909216893562174e+01
2.096600607455104637e+01
2.101127408577760036e+01
2.108355198347355142e+01
2.116948768550229687e+01
2.124013304689887605e+01
2.128060346601244390e+01
2.130642993271617058e+01
2.134911685359158540e+01
2.142468020046361588e+01
2.149001379965780245e+01
2.160694724139356637e+01
2.166380283726457989e+01
2.173142714243917339e+01
2.188032277633368139e+01
2.203877662595571252e+01
2.211135465356562690e+01
2.211386493060046021e+01
2.215494350696268100e+01
2.222801069106261806e+01
2.237160123840131476e+01
