1.893851304092859422e+01
1.894984876202383717e+01
1.896458037857947687e+01
1.897561886047453683e+01
1.898531145135285314e+01
1.899575274712407946e+01
1.900523483801437763e+01
1.901320942593645569e+01
1.902226356488448999e+01
1.903183060616017741e+01
1.904025946641337086e+01
1.905485273955557446e+01
1.906257941011440238e+01
1.907028982082518809e+01
1.907923264972989941e+01
1.908605218606369291e+01
1.909727671930130910e+01
1.910382040073660193e+01
1.911189023057119840e+01
1.911778771553466783e+01
