2.076254427081552478e+01
2.077795995130536966e+01
2.079809074252496970e+01
2.081325163961942337e+01
2.082662197530465420e+01
2.084108957008413654e+01
2.085428962425417865e+01
2.086543919681682624e+01
2.087815464152545530e+01
2.089165982167673619e+01
2.090362138174104700e+01
2.092448272974622370e+01
2.093561268746752901e+01
2.094678267955007556e+01
2.095982342523107178e+01
2.096983419089675849e+01
2.098644779839299090e+01
2.099621857641461986e+01
2.100836337958957500e+01
2.101731097422288030e+01
