1.869482274988552106e+01
1.865543464406545837e+01
1.863136272180863529e+01
1.860062501430016368e+01
1.856547481822248358e+01
1.854147447131227722e+01
1.851103200374779334e+01
1.845477451958824489e+01
1.841922651964537039e+01
1.838666470547010334e+01
1.834847168043012999e+01
1.830862127952211793e+01
1.827661464077267794e+01
1.824191167416650217e+01
1.819068618413013283e+01
1.815353969542688617e+01
1.811480511054124065e+01
1.807422345070417080e+01
1.803111424439486044e+01
1.798172540059417912e+01
1.792454229591730552e+01
1.788283284617995506e+01
1.782627814460517968e+01
1.776814212014391714e+01
1.769939945882716970e+01
1.760343070552477940e+01
1.753738437597840871e+01
1.742909194298211162e+01
