1.999999994280298665e+01
2.000281404162060994e+01
2.000566399789175165e+01
2.000855127516548748e+01
2.001147566388452503e+01
2.001443702250374201e+01
2.001743519031421670e+01
2.002047000932687837e+01
2.002354130923444586e+01
2.002664891044328499e+01
2.002979261324407645e+01
2.003297221006071283e+01
2.003618748970365004e+01
2.003943822682534659e+01
2.004272417789291438e+01
2.004604509171779370e+01
2.004940071323069617e+01
2.005279076786788295e+01
2.005621495408733068e+01
2.005967304558939190e+01
2.006316318360232742e+01
