1.385576615624428769e+03
1.386449029897952414e+03
1.386941395704765455e+03
1.387533872190017291e+03
1.388169722764992230e+03
1.388582133532094986e+03
1.389083278648797432e+03
1.389954208344495555e+03
1.390473058309851467e+03
1.390929889911532200e+03
1.391445702483903233e+03
1.391963268005635427e+03
1.392365198585237977e+03
1.392788371344178131e+03
1.393391232355608963e+03
1.393813619880372244e+03
1.394241998853380892e+03
1.394678601256100819e+03
1.395129760020888398e+03
1.395631891175487453e+03
1.396195226718553386e+03
1.396594871641747204e+03
1.397122775468151985e+03
1.397649905666107315e+03
1.398254554467167964e+03
1.399068009734566431e+03
1.399608960093345331e+03
1.400465918568786719e+03
