3.451449513641819522e+03
3.453918025493908772e+03
3.455961841805436507e+03
3.457506865841019589e+03
3.458821128919552848e+03
3.460426748495647189e+03
3.461928260547541413e+03
3.463562604576285139e+03
3.465023424834707839e+03
3.465850002863076952e+03
3.467104181608973249e+03
3.467800316154452048e+03
3.468547533366868720e+03
3.469180919868861110e+03
3.469979835458013895e+03
3.470885156210859805e+03
3.471269564737278870e+03
3.471521006463280173e+03
3.471731297395771435e+03
3.471918712252383557e+03
3.472000981433779543e+03
3.472017428345985991e+03
3.471899230875421836e+03
3.471752076674359614e+03
3.471324281014741700e+03
