2.205834797901536248e+01
2.211183485481467059e+01
2.215849218370470908e+01
2.219546213329540052e+01
2.222825973998606486e+01
2.227030838453273631e+01
2.231199145066448253e+01
2.236059777142891747e+01
2.240771230412593340e+01
2.243633646161837447e+01
2.248332194980307008e+01
2.251178012787622507e+01
2.254484858481287191e+01
2.257556598399734682e+01
2.261933703856036360e+01
2.268048446291810905e+01
2.271362122050235755e+01
2.274005175561094205e+01
2.276782925472913988e+01
2.280360520269123725e+01
2.283320142009854337e+01
2.285945306230445340e+01
2.290903943548576294e+01
2.293578546939063045e+01
2.298488126086149208e+01
