1.884619476940002869e+01
1.879745456589180819e+01
1.873312038530047730e+01
1.868412836211781070e+01
1.864051639708899444e+01
1.859287565319458224e+01
1.854898142391844118e+01
1.851157307278786135e+01
1.846852208113307015e+01
1.842232157830989792e+01
1.838097175480533352e+01
1.830782738708148827e+01
1.826823429438010749e+01
1.822807489619013666e+01
1.818062260596753887e+01
1.814375836678551934e+01
1.808168462215758865e+01
1.804462286039998631e+01
1.799794238982492445e+01
1.796308995677988918e+01
