1.515200486495447407e+01
1.517490045024318590e+01
1.520490904783321717e+01
1.522759585477061250e+01
1.524766840813878943e+01
1.526946039083473039e+01
1.528941169222104079e+01
1.530631713854638143e+01
1.532565921856429014e+01
1.534627891520377929e+01
1.536461079092039128e+01
1.539674724288251362e+01
1.541398399324672042e+01
1.543135074653402050e+01
1.545171704726682016e+01
1.546742145856877571e+01
1.549362764250635749e+01
1.550912903499643036e+01
1.552849529051348831e+01
1.554283718330418829e+01
