1.335347561362634042e+04
1.332765462194637075e+04
1.330527196042577089e+04
1.328763265504866104e+04
1.327205687192357072e+04
1.325219013841064225e+04
1.323261249100006899e+04
1.320993358954688483e+04
1.318810996700250143e+04
1.317492980667598749e+04
1.315342752210173967e+04
1.314048597507279010e+04
1.312552750421482415e+04
1.311171088920250440e+04
1.309215653968059087e+04
1.306511147634115514e+04
1.305059240788490752e+04
1.303908292338308820e+04
1.302705654445326763e+04
1.301167489330815442e+04
1.299904411323364366e+04
1.298791365946018595e+04
1.296708216197946422e+04
1.295595366342963825e+04
1.293572939425541517e+04
