6.544500507323567362e+00
6.502106793510675331e+00
6.463371301670608915e+00
6.428127674276784553e+00
6.396183391659966411e+00
6.367324048475601295e+00
6.341308948574445381e+00
6.317901451862863560e+00
6.296850199023310779e+00
6.277901431059036419e+00
6.260813032694842128e+00
6.245331697082391109e+00
6.231214899614866631e+00
6.218225116119237228e+00
6.206114457339277912e+00
6.194649770479609074e+00
6.183585916942867300e+00
6.172672654024709438e+00
6.161665253459013947e+00
6.150281013059891499e+00
6.138391460218626250e+00
