1.947584313373079823e+01
1.948949750192716124e+01
1.950559184230510468e+01
1.951947587165148335e+01
1.953795962646164597e+01
1.954920819723500713e+01
1.956002193773173303e+01
1.957672415141966482e+01
1.958739858249512977e+01
1.960372664442391155e+01
1.961479370393955080e+01
1.962666678881738136e+01
1.963731074203685623e+01
1.966118503824110775e+01
1.967496549949173712e+01
1.968833410543517104e+01
1.970001654881860986e+01
1.971133793798106382e+01
1.972200879666438667e+01
1.973527567714295117e+01
1.974553190689194082e+01
1.975588161958932432e+01
1.976806977025051992e+01
1.978095214082242137e+01
1.979338628464862992e+01
1.980593817654630584e+01
1.982193226384911711e+01
1.983495725772646168e+01
