4.031441825542651259e+03
4.055787343594217873e+03
4.069803872631727700e+03
4.086936267107140338e+03
4.105647523140381963e+03
4.117964056962661743e+03
4.133122522733124242e+03
4.159969386379181742e+03
4.176268438368413626e+03
4.190808862372256044e+03
4.207440856941752827e+03
4.224358719699343055e+03
4.237655870885532750e+03
4.251806633443377905e+03
4.272234392784385818e+03
4.286735427414429068e+03
4.301601477653599432e+03
4.316918581855039520e+03
4.332922702649148960e+03
4.350946545394669556e+03
4.371433686923533060e+03
4.386139294999691629e+03
4.405783507092331092e+03
4.425648788814522959e+03
4.448744288269827848e+03
4.480338976662438654e+03
4.501683870043666502e+03
4.536047907397490235e+03
