4.343614463743278087e+00
4.357128541833272806e+00
4.350232170031668844e+00
4.330599554657797334e+00
4.303509684196810348e+00
4.273016761435140864e+00
4.241807587929547374e+00
4.211284400379573079e+00
4.182730159402405334e+00
4.156798108560140648e+00
4.133386818068114366e+00
4.112767179290629294e+00
4.094935032675262043e+00
4.079303675642053761e+00
4.065870655684548751e+00
4.054483157934518189e+00
4.044414990313730307e+00
4.035702747574005933e+00
4.028104351611396794e+00
4.020762229171297442e+00
4.016235038763660725e+00
