1.548675057437604119e+04
1.552458487511216299e+04
1.555679484378747475e+04
1.558177775501537690e+04
1.560353254454032140e+04
1.563084863649291947e+04
1.565727405136592461e+04
1.568724398837003355e+04
1.571540025317150867e+04
1.573206491099777304e+04
1.575867578363415669e+04
1.577433338305237339e+04
1.579208053770867446e+04
1.580812607010180000e+04
1.583023940002999552e+04
1.585960430927502057e+04
1.587474813058594191e+04
1.588642739602972324e+04
1.589831085130374049e+04
1.591301161209297061e+04
1.592464575843646526e+04
1.593455560076726033e+04
1.595219264610495520e+04
1.596110146799192444e+04
1.597631229005228670e+04
