1.646359453897654745e+01
1.647867679948155484e+01
1.648917346179561960e+01
1.650371248987101325e+01
1.652164509759007771e+01
1.653457098857239771e+01
1.655165492054110743e+01
1.658495573281371804e+01
1.660698445176994653e+01
1.662774046904769776e+01
1.665271367171427741e+01
1.667941728188521111e+01
1.670129622245572776e+01
1.672541382525919218e+01
1.676169716085141559e+01
1.678847158660554229e+01
1.681676892727533001e+01
1.684679819433422665e+01
1.687909388775753072e+01
1.691655630701736968e+01
1.696049629324024721e+01
1.699289893389890693e+01
1.703727266156271725e+01
1.708337407095880423e+01
1.713847119441172850e+01
1.721635137626043388e+01
1.727054069906860079e+01
1.736033249799068656e+01
