4.683062782717951450e+03
4.689719544012190454e+03
4.695583937831378535e+03
4.700269881484942744e+03
4.704456650059503772e+03
4.709866105055270054e+03
4.715275958133915992e+03
4.721645672417654168e+03
4.727884796687311791e+03
4.731707399089594219e+03
4.738036048286072401e+03
4.741902592541612648e+03
4.746427982069500104e+03
4.750663570184097807e+03
4.756753636833774181e+03
4.765372237821729868e+03
4.770098667890420984e+03
4.773897588491575334e+03
4.777918503389808393e+03
4.783141122558688039e+03
4.787499904001149844e+03
4.791395852501735135e+03
4.798833388116887363e+03
4.802888945326464636e+03
4.810416399532618925e+03
