7.137349787705963536e+03
7.134380139232041074e+03
7.133001598955666850e+03
7.131628739543993106e+03
7.130504457545071091e+03
7.129969313843294003e+03
7.129525387612340637e+03
7.129295084361468980e+03
7.129486102628216031e+03
7.129858173967500079e+03
7.130508695929068381e+03
7.131408048211154892e+03
7.132277541119106900e+03
7.133355201001348178e+03
7.135178943480452290e+03
7.136659493337753702e+03
7.138332366791693858e+03
7.140215508198926727e+03
7.142351058563797778e+03
7.144955379570754303e+03
7.148163589202850744e+03
7.150623989195804825e+03
7.154109614630700889e+03
7.157858808487007082e+03
7.162491487547044926e+03
7.169286924436776644e+03
7.174165416806688881e+03
7.182485269693636837e+03
