1.999999836063016545e+01
2.000044067122691160e+01
2.000088828506117267e+01
2.000134185527297248e+01
2.000180132068428307e+01
2.000226666399491648e+01
2.000273785355114242e+01
2.000321485780687780e+01
2.000369763617323571e+01
2.000418615626413654e+01
2.000468038202901511e+01
2.000518026954178907e+01
2.000568578085292515e+01
2.000619686693807608e+01
2.000671348118198623e+01
2.000723557551775755e+01
2.000776310209499442e+01
2.000829600701450062e+01
2.000883423249166881e+01
2.000937771986200886e+01
2.000992640758722274e+01
2.001048023030575607e+01
2.001103912453538669e+01
2.001160302880954234e+01
2.001217187375463880e+01
2.001274558574935014e+01
2.001332409156423964e+01
2.001390731609908613e+01
2.001449518229598112e+01
2.001508760563515210e+01
2.001568450253374110e+01
2.001628578382331725e+01
2.001689136375136968e+01
2.001750114440419992e+01
2.001811502629055184e+01
2.001873290520655502e+01
2.001935467148007675e+01
2.001998021088933299e+01
2.002060939000795514e+01
2.002124211011069477e+01
2.002187758820164731e+01
