3.181558329591451184e+03
3.183587063810053678e+03
3.186294072206805140e+03
3.188906592034311871e+03
3.192787724331618847e+03
3.195377303750406554e+03
3.198030741928042971e+03
3.202447850712017498e+03
3.205475400236683072e+03
3.210418369787204483e+03
3.213985154087610681e+03
3.218008054154300225e+03
3.221788695840668424e+03
3.230874553600540366e+03
3.236505132453605256e+03
3.242240998527157899e+03
3.247476176746800320e+03
3.252749645305368631e+03
3.257901959084312693e+03
3.264556089279964453e+03
3.269890549907015156e+03
3.275443391437985611e+03
3.282203141356893866e+03
3.289609659562242541e+03
3.297016147254360476e+03
3.304752102194520830e+03
3.314991266870315485e+03
3.323649265059842037e+03
