6.101865205350548216e+00
6.102130903218900393e+00
6.102423499626664416e+00
6.102711214744930501e+00
6.102967969596468478e+00
6.103254955910287549e+00
6.103538392188813333e+00
6.103779760467160642e+00
6.104052792873657651e+00
6.104336935696661470e+00
6.104565531061769690e+00
6.104817511537341979e+00
6.105103493159894867e+00
6.105326988553176903e+00
6.105551500770670437e+00
6.105834580092490249e+00
6.106063425048187554e+00
6.106259261122390036e+00
6.106529170240556859e+00
6.106772312222867427e+00
6.106945787980829543e+00
6.107189683766677923e+00
6.107450345840373274e+00
6.107614676257600905e+00
6.107821518955830697e+00
6.108094876993622080e+00
6.108267723952510941e+00
6.108433334877140020e+00
6.108705334990891522e+00
6.108901115195567222e+00
6.109032004823565565e+00
6.109288459783784653e+00
6.109515342505131841e+00
6.109623194954630243e+00
6.109852466875780763e+00
6.110109671635893136e+00
6.110205821355069844e+00
6.110420186800991971e+00
6.110684197817675134e+00
6.110712615148849558e+00
6.112122084250214193e+00
