4.013240640138501192e+01
4.013554737099050129e+01
4.013865813561147888e+01
4.014173912555099832e+01
4.014478932383102006e+01
4.014780790853325954e+01
4.015079415201346080e+01
4.015374739836699547e+01
4.015666711848009385e+01
4.015955283913100970e+01
4.016240421180599895e+01
4.016522094740803084e+01
4.016800286807091425e+01
4.017074988584179351e+01
4.017346199685538721e+01
4.017613930644494502e+01
4.017878198883940399e+01
4.018139032872445426e+01
4.018396469084050437e+01
4.018650553770157074e+01
4.018901343265504522e+01
4.019148901749689884e+01
4.019393304558686708e+01
4.019634634875117740e+01
4.019872986214879518e+01
4.020108462056882104e+01
4.020341173662433931e+01
4.020571244529009647e+01
4.020798805393113895e+01
4.021023998100592678e+01
4.021246973431540539e+01
4.021467890425066116e+01
4.021686918867591487e+01
4.021904234678120815e+01
4.022120026446348362e+01
4.022334487709155582e+01
4.022547822756766323e+01
4.022760242408029541e+01
4.022971964951679524e+01
4.023183225774787530e+01
4.023394097937454461e+01
