1.189815682795407383e+03
1.194638717690385192e+03
1.200936772602491828e+03
1.205679823995069682e+03
1.209862598504208108e+03
1.214388524374149938e+03
1.218517813680302879e+03
1.222005578711359476e+03
1.225983074133571563e+03
1.230207483563236337e+03
1.233948939859482152e+03
1.240473897486189799e+03
1.243954950811710887e+03
1.247448416992199327e+03
1.251526824850477169e+03
1.254657514382556656e+03
1.259852896710156983e+03
1.262908257691379049e+03
1.266705828700102302e+03
1.269503543336700204e+03
