3.376198751153123794e+03
3.377616674868848804e+03
3.379464521935485209e+03
3.382695293340919761e+03
3.387392061998578356e+03
3.391121865907080064e+03
3.396380978669921205e+03
3.407426760874845058e+03
3.415163205835699046e+03
3.422693002251794496e+03
3.432006483954638952e+03
3.442220219573567647e+03
3.450754524520407813e+03
3.460311193855803140e+03
3.474941884891524296e+03
3.485906856582985256e+03
3.497630766858571405e+03
3.510207202777124621e+03
3.523870803567472649e+03
3.539879373871456210e+03
3.558848103352784165e+03
3.572954521694058258e+03
3.592417948686044838e+03
3.612799140669036206e+03
3.637347344051692744e+03
3.672355567156099823e+03
3.696902337176109540e+03
3.737871863786220729e+03
