2.829226985449300628e+03
2.829466354219606274e+03
2.830329321490423354e+03
2.832067555607675331e+03
2.834787277293488842e+03
2.837026168271236202e+03
2.840251758452874128e+03
2.847181777749705361e+03
2.852113469017777334e+03
2.856954599389138366e+03
2.862984603392327244e+03
2.869638600169164420e+03
2.875224590335048561e+03
2.881502754273593382e+03
2.891152710449965525e+03
2.898410026137625664e+03
2.906189526163363553e+03
2.914554326240955561e+03
2.923662038570852928e+03
2.934355447882127919e+03
2.947053237480235566e+03
2.956512654316902172e+03
2.969584446274816855e+03
2.983294557483754488e+03
2.999833616595258718e+03
3.023461736632870270e+03
3.040054253427229924e+03
3.067787063902946102e+03
