1.438544842560522952e+01
1.438434655025259801e+01
1.438351471357931644e+01
1.438320716319998560e+01
1.438339383098141155e+01
1.438384409671487241e+01
1.438451942982681864e+01
1.438603392382591295e+01
1.438730435505234162e+01
1.438970890973986272e+01
1.439165882441671585e+01
1.439404111151694998e+01
1.439643439388426671e+01
1.440269854455768517e+01
1.440688530316927718e+01
1.441135149267918969e+01
1.441558380491682456e+01
1.441998120948059992e+01
1.442439487828465694e+01
1.443024958421287351e+01
1.443505717945166111e+01
1.444015963881204101e+01
1.444649460890899562e+01
1.445357748245944940e+01
1.446079496657162267e+01
1.446846430287673613e+01
1.447880136000995321e+01
1.448769211247041255e+01
