4.498381469821034443e+03
4.483267093343914894e+03
4.466055881051741380e+03
4.451738801929362126e+03
4.433449656973959463e+03
4.422755031253134803e+03
4.412787486014888600e+03
4.398002078482430079e+03
4.388944016296272821e+03
4.375685093907148257e+03
4.367112389309261744e+03
4.358290933795019555e+03
4.350715949807178731e+03
4.334884443381416531e+03
4.326485044392542477e+03
4.318860017449523184e+03
4.312622883963532331e+03
4.306961283969729266e+03
4.301972903282596235e+03
4.296246048051576508e+03
4.292182931781040679e+03
4.288407532512082071e+03
4.284383413060031671e+03
4.280630803346180073e+03
4.277501689377551884e+03
4.274839045926167273e+03
4.272176450032743560e+03
4.270619532088573578e+03
