4.073377422937758041e+01
4.073659091813551925e+01
4.073888146154497747e+01
4.074063316878667251e+01
4.074183245575765255e+01
4.074246632677753155e+01
4.074252237797983867e+01
4.074198885038020990e+01
4.074085477689415313e+01
4.073911001203241256e+01
4.073674539973439579e+01
4.073375280319172020e+01
4.073012526692956925e+01
4.072585709827676936e+01
4.072094395629590480e+01
4.071538298136422185e+01
4.070917285814469722e+01
4.070231394148891724e+01
4.069480831860649062e+01
4.068665992201885473e+01
4.067787460423900114e+01
4.066846018745453506e+01
4.065842657457641707e+01
4.064778577431575712e+01
4.063655197293236654e+01
4.062474158803946978e+01
4.061237328836619298e+01
4.059946805895337008e+01
4.058604918044316179e+01
4.057214228997528238e+01
4.055777535316969562e+01
4.054297865928359812e+01
4.052778483524779318e+01
4.051222877758755203e+01
4.049634767298667981e+01
4.048018089398507868e+01
4.046376998211789555e+01
4.044715856518060804e+01
4.043039222611809436e+01
4.041351873008695605e+01
4.039658379291385870e+01
