1.972296179030199710e+03
1.975817049819356498e+03
1.978477132732669133e+03
1.982325127846409487e+03
1.987244665713921677e+03
1.990874551449075852e+03
1.995752355151173333e+03
2.005453887231877161e+03
2.011976138937707901e+03
2.018180097820024230e+03
2.025706378314469703e+03
2.033816241719954633e+03
2.040501268721781116e+03
2.047906629778288561e+03
2.059109197282527020e+03
2.067416926950969810e+03
2.076230136292885163e+03
2.085615624595256122e+03
2.095743074171713943e+03
2.107529465050417912e+03
2.121400616425040425e+03
2.131658427446802307e+03
2.145741381195035501e+03
2.160411608598264593e+03
2.177990705904413971e+03
2.202914179844975934e+03
2.220301791884129216e+03
2.249185057302204768e+03
