1.776248487805519289e+03
1.772614607299419276e+03
1.768446811226086083e+03
1.764952774478126685e+03
1.760448553651085149e+03
1.757790675928262772e+03
1.755295489439334233e+03
1.751558132894199844e+03
1.749244368964843716e+03
1.745819173048073253e+03
1.743576740779173861e+03
1.741242775560218433e+03
1.739214119026196158e+03
1.734885388837910796e+03
1.732527983938116222e+03
1.730341054623117088e+03
1.728511406623780431e+03
1.726811459778427434e+03
1.725275682975967356e+03
1.723457081794897249e+03
1.722120770308200008e+03
1.720834344714227427e+03
1.719400044064029998e+03
1.717979744212515925e+03
1.716703069779582165e+03
1.715509120009192429e+03
1.714127307970520178e+03
1.713118861590194228e+03
