2.000000142777147971e+01
2.000004278859239548e+01
2.000008577465192161e+01
2.000013208044676105e+01
2.000018163220796907e+01
2.000023446041498687e+01
2.000029055646859888e+01
2.000034990272469315e+01
2.000041245724449368e+01
2.000047816370815212e+01
2.000054694217966755e+01
2.000061869849191254e+01
2.000069331020728214e+01
2.000077063600960514e+01
2.000085050104813433e+01
2.000093271935983807e+01
2.000101705394142471e+01
2.000110324921001848e+01
2.000119101798301813e+01
2.000128011284340346e+01
2.000136860046087861e+01
