2.266853442791587980e+01
2.266061131180768839e+01
2.265479552753797776e+01
2.264650488153797525e+01
2.263602973390179329e+01
2.262835858527829203e+01
2.261810434052028640e+01
2.259783798764429008e+01
2.258428117727607187e+01
2.257142342557974146e+01
2.255586435081047725e+01
2.253913788483885128e+01
2.252537534550150156e+01
2.251015237903093080e+01
2.248716170176120599e+01
2.247013721903169525e+01
2.245209701429174842e+01
2.243290538899515951e+01
2.241221696692231191e+01
2.238816306231357345e+01
2.235988273056809206e+01
2.233898653533888989e+01
2.231031934561732299e+01
2.228047997294022053e+01
2.224475150537125145e+01
2.219414076386857460e+01
2.215885979525773664e+01
2.210029566580925220e+01
