1.429977585255437944e+01
1.429238471596972815e+01
1.428847722470001358e+01
1.428402891981527567e+01
1.427956462483545685e+01
1.427684124438194857e+01
1.427371495710855065e+01
1.426876192096825768e+01
1.426610234174508562e+01
1.426394152506546753e+01
1.426170612163687856e+01
1.425968189151619647e+01
1.425826167281915779e+01
1.425691029104663521e+01
1.425524099149423840e+01
1.425425128498750915e+01
1.425339951566740027e+01
1.425268943166267910e+01
1.425212388493848259e+01
1.425169624641052835e+01
1.425147058599191041e+01
1.425147408432598262e+01
1.425168770388068928e+01
1.425213934668976279e+01
1.425295203766517638e+01
1.425454474162552998e+01
1.425592280293730418e+01
1.425863057770303577e+01
