6.089625983413481158e+00
6.089605428249660335e+00
6.089614746602829420e+00
6.089622112043239888e+00
6.089601578129242299e+00
6.089614299936827457e+00
6.089626598892485809e+00
6.089600090358286089e+00
6.089608416438430538e+00
6.089631088884202903e+00
6.089601610876050231e+00
6.089598788681928276e+00
6.089633223742201729e+00
6.089608621661120935e+00
6.089588362454398940e+00
6.089629867001610464e+00
6.089620532783919238e+00
6.089581519283252753e+00
6.089619658531432833e+00
6.089634259948099704e+00
6.089582458011673971e+00
6.089603999798687717e+00
6.089645262180907181e+00
6.089593291955872623e+00
6.089586571145940042e+00
6.089648953847648372e+00
6.089613636831057164e+00
6.089573597541828143e+00
6.089642109623656374e+00
6.089636789532451466e+00
6.089568804210180986e+00
6.089628082364512807e+00
6.089659631873010071e+00
6.089574004765466952e+00
6.089611000972194432e+00
6.089677132721714514e+00
6.089583592746373064e+00
6.089608904909132647e+00
6.089684424314495637e+00
6.089525256153405230e+00
6.090744749719651630e+00
