3.999990426868641435e+01
3.999992858544339924e+01
3.999994629993251749e+01
3.999996016609649274e+01
3.999997094621212312e+01
3.999997931998037615e+01
3.999998581789015617e+01
3.999999083371905328e+01
3.999999470985833483e+01
3.999999768236251185e+01
3.999999996749278353e+01
4.000000170624198859e+01
4.000000302590147072e+01
4.000000402505423125e+01
4.000000477331222726e+01
4.000000534044923484e+01
4.000000575806971881e+01
4.000000606565779293e+01
4.000000628245759060e+01
4.000000642667181694e+01
4.000000652130859891e+01
4.000000657270999227e+01
4.000000660337153136e+01
4.000000661795644419e+01
4.000000662942161966e+01
4.000000665288362001e+01
4.000000668272611648e+01
4.000000674056673944e+01
4.000000682389887174e+01
4.000000694556292302e+01
4.000000711541848375e+01
4.000000733388205987e+01
4.000000761844186314e+01
4.000000795934565190e+01
4.000000839015316245e+01
4.000000890807314136e+01
4.000000953832472561e+01
4.000001029453947154e+01
4.000001119388817727e+01
4.000001235996798954e+01
4.000001212860275501e+01
