2.335655637711374311e+03
2.334046040555302170e+03
2.333041545969165327e+03
2.331740433520568331e+03
2.330231305033851186e+03
2.329189800857193859e+03
2.327857546278918562e+03
2.325367428891851432e+03
2.323777934819096572e+03
2.322312572439359428e+03
2.320583588532586418e+03
2.318769063196109528e+03
2.317304678375805452e+03
2.315710500244249943e+03
2.313346210370428707e+03
2.311624198715690909e+03
2.309822418466224462e+03
2.307928500826654727e+03
2.305910185217753224e+03
2.303590350747487719e+03
2.300895221378716087e+03
2.298923655511458946e+03
2.296243243528421317e+03
2.293479968936152090e+03
2.290203042925066711e+03
2.285612635432342813e+03
2.282443868675061367e+03
2.277232930282339112e+03
