2.641775043438879322e+01
2.640199267367892944e+01
2.638811064309471277e+01
2.637701824255044869e+01
2.636710749828272071e+01
2.635430249883334497e+01
2.634149659901008889e+01
2.632641862350946482e+01
2.631164982859015922e+01
2.630260127359208866e+01
2.628762065345988574e+01
2.627846813917811275e+01
2.626775609646643872e+01
2.625773006878942439e+01
2.624331436437397969e+01
2.622291349530565086e+01
2.621172572914774435e+01
2.620273346112518809e+01
2.619321574203277692e+01
2.618085355959121685e+01
2.617053615103605324e+01
2.616131430936584223e+01
2.614370947153869551e+01
2.613410989670811446e+01
2.611629234314546366e+01
