1.789641170160307837e+01
1.804860402406952602e+01
1.808668224079028519e+01
1.793659675986178215e+01
1.787471765931053369e+01
1.779921145371247704e+01
1.779326805861022365e+01
1.781331903447501475e+01
1.787618990545768582e+01
1.794806506903874777e+01
1.805335985448846614e+01
1.808484539516625134e+01
1.804947276365019349e+01
1.802392887182657333e+01
1.802688776648140845e+01
1.804720284563297028e+01
1.806172940518392522e+01
1.809611891881839796e+01
1.811702393542473999e+01
1.821394929424641518e+01
1.824827287476112758e+01
1.826792965112856493e+01
1.829086571931422256e+01
1.834533077232007514e+01
1.841990002826277717e+01
1.848215858751913743e+01
1.851002079026248381e+01
1.852135766026386676e+01
1.853556030757627227e+01
1.860558260629439431e+01
1.867675434966499637e+01
1.874005971012567429e+01
1.875083012793858828e+01
1.878899452012363724e+01
1.881219731480794977e+01
1.887770210327935771e+01
1.897127659022028823e+01
1.906440609760225513e+01
1.911454518259392188e+01
1.914312285110829848e+01
1.929028668028793803e+01
1.945673023257837642e+01
1.947181068803038784e+01
1.949649223356640704e+01
1.951379146592530844e+01
1.954057153855967499e+01
1.960442628817500221e+01
1.969311880608026755e+01
1.977022257182502329e+01
1.981676729538359538e+01
1.983089207445235402e+01
1.985098803258368605e+01
1.987199612680563376e+01
1.993341114662835523e+01
2.000880033972900307e+01
2.008061438297804102e+01
2.014311343498311402e+01
2.019851848112450909e+01
2.023832234183573675e+01
2.024785012144023710e+01
2.026020521426198684e+01
2.033902976305452270e+01
2.042809470534115945e+01
2.053425004107640461e+01
2.062277222869914795e+01
2.068513810910454609e+01
2.074846388226518101e+01
2.084063240578178977e+01
2.098003243568964038e+01
2.101383936861179791e+01
2.104251050487944852e+01
2.107784154967810863e+01
2.114007858420864849e+01
2.123352305636943171e+01
2.132324497738383684e+01
2.137672251082720720e+01
2.140895903001267087e+01
2.145036361446690165e+01
2.151961489681383810e+01
2.160293773712157872e+01
2.167052612337483097e+01
2.170707612611329296e+01
2.172859601789037143e+01
2.176751671473493843e+01
2.184030322149196479e+01
2.190403105738644030e+01
2.201674233494051691e+01
2.206765565725541478e+01
2.213120323057644967e+01
2.227777994870012179e+01
2.243420956860909854e+01
2.250171435316440238e+01
2.250306621064605395e+01
2.253726468582783937e+01
2.260921735551404410e+01
2.275333446316446739e+01
