1.978243879113476396e+03
1.989184542191984747e+03
1.995567557650973413e+03
2.003448783532455082e+03
2.012151576960782677e+03
2.017932159810786288e+03
2.025101087066122545e+03
2.037939020649666418e+03
2.045817105182370369e+03
2.052896379192144650e+03
2.061051097445378218e+03
2.069406332500733697e+03
2.076014703783036111e+03
2.083085991457443470e+03
2.093362038220387149e+03
2.100703906240183187e+03
2.108269960326506862e+03
2.116106087956849024e+03
2.124336340822353577e+03
2.133655858776309742e+03
2.144312038063558248e+03
2.152001025276997098e+03
2.162322740802557291e+03
2.172817588832166621e+03
2.185088510833330929e+03
2.201991452802526055e+03
2.213483864645619633e+03
2.232104267561655433e+03
