1.290074106861915425e+03
1.286089755143881348e+03
1.283860676544273701e+03
1.281197189958443005e+03
1.278361689198482964e+03
1.276535364069427487e+03
1.274329668040212255e+03
1.270532052678335731e+03
1.268291252875480950e+03
1.266331715494282207e+03
1.264134349159593739e+03
1.261945746402943314e+03
1.260257382396760022e+03
1.258490463769821645e+03
1.255992260016371347e+03
1.254255267695246630e+03
1.252504912134536880e+03
1.250732680811690216e+03
1.248913843217100066e+03
1.246904483855638773e+03
1.244669057763865567e+03
1.243095325225299121e+03
1.241032037492808513e+03
1.238989456271778863e+03
1.236668357010528553e+03
1.233582749700652357e+03
1.231554471611081226e+03
1.228380258074531412e+03
