1.995948277364193046e+01
1.999931456198266133e+01
2.002098783329824627e+01
2.004629229217755793e+01
2.007250254836570136e+01
2.008897615343154897e+01
2.010843458471341805e+01
2.014078331355849727e+01
2.015916471364865359e+01
2.017479604830642259e+01
2.019182065581563634e+01
2.020823429879980182e+01
2.022051684429160900e+01
2.023300860979222549e+01
2.025002228888779499e+01
2.026139283199734464e+01
2.027246004427573212e+01
2.028325656273900890e+01
2.029389878385819301e+01
2.030512642083259323e+01
2.031694574660984998e+01
2.032483056618598738e+01
2.033460693026914257e+01
2.034364032859000204e+01
2.035310141762955993e+01
2.036430310896432161e+01
2.037077730779855145e+01
2.037942948205395766e+01
