2.734657241564378438e+01
2.731848608441760007e+01
2.728666261950765914e+01
2.726033521143013516e+01
2.722692197318216500e+01
2.720751199835280687e+01
2.718951794222821405e+01
2.716301952902531269e+01
2.714691473110070419e+01
2.712354629562161890e+01
2.710858606164222806e+01
2.709333330174045784e+01
2.708036671000794371e+01
2.705374241359979592e+01
2.703994213515046852e+01
2.702766483622458438e+01
2.701784037012891915e+01
2.700913177825608003e+01
2.700166183579496959e+01
2.699338277365974292e+01
2.698775519581527860e+01
2.698276544897105111e+01
2.697778466260986008e+01
2.697358270530320468e+01
2.697057294779452263e+01
2.696858742214395122e+01
2.696760697413655095e+01
2.696810593324105909e+01
