2.000000056562103623e+01
2.000000112746126746e+01
2.000000014809966586e+01
1.999999916432243907e+01
1.999999808429340220e+01
1.999999688804322062e+01
1.999999554994030149e+01
1.999999404595493502e+01
1.999999235027833322e+01
1.999999043554656453e+01
1.999998828671780871e+01
1.999998588002496547e+01
1.999998319662513069e+01
1.999998022563634237e+01
1.999997697630074356e+01
1.999997345394675108e+01
1.999996967783798851e+01
1.999996570349917846e+01
1.999996156697262251e+01
1.999995740677042022e+01
1.999995170526752730e+01
