1.786258762227268804e+01
1.785731226292370266e+01
1.785196848657161084e+01
1.784722981101113248e+01
1.784264379318931049e+01
1.783622651901091771e+01
1.782925416559868026e+01
1.782033391798888289e+01
1.781085149087123298e+01
1.780467758432615000e+01
1.779384797165014120e+01
1.778685841612685081e+01
1.777831849114865292e+01
1.776997436258493224e+01
1.775738205397275493e+01
1.773836269488822026e+01
1.772733616304971349e+01
1.771816733166468438e+01
1.770816555085289679e+01
1.769471844647711478e+01
1.768310098553135390e+01
1.767241334339726322e+01
1.765121413979836262e+01
1.763921450604540198e+01
1.761611917373203084e+01
