1.843003142981152109e+01
1.844474452273720289e+01
1.845755725828575677e+01
1.846769495947232897e+01
1.847667736992339016e+01
1.848817767694738734e+01
1.849956013709349989e+01
1.851281004735464464e+01
1.852562885924503533e+01
1.853340477999146785e+01
1.854614833229710413e+01
1.855385426842763152e+01
1.856279635761570290e+01
1.857109066609865167e+01
1.858288918776613841e+01
1.859932976697361795e+01
1.860821813579403639e+01
1.861529674411474744e+01
1.862272540329199444e+01
1.863227659307167627e+01
1.864016354693282551e+01
1.864714802155937434e+01
1.866031132766414657e+01
1.866739486351064059e+01
1.868036636582489862e+01
