1.786923168877343215e+01
1.789428584975878067e+01
1.792277074703430984e+01
1.794642483993864701e+01
1.797657967060966300e+01
1.799417644388082493e+01
1.801054964894029098e+01
1.803478229464656124e+01
1.804959156623656114e+01
1.807121087840597440e+01
1.808514697780078606e+01
1.809944741716330086e+01
1.811169016855371083e+01
1.813714269311835992e+01
1.815055453777603134e+01
1.816265899713667409e+01
1.817249853042973129e+01
1.818137091839220432e+01
1.818913084887120135e+01
1.819795563235843616e+01
1.820414702582161937e+01
1.820983230741698122e+01
1.821579662807791067e+01
1.822123330798653384e+01
1.822562695870444927e+01
1.822920285121716333e+01
1.823249443475697262e+01
1.823411588846598264e+01
