6.637205404498943473e+00
6.610214473889653775e+00
6.583886443418074386e+00
6.558222867039230408e+00
6.533220084539072658e+00
6.508873880169615767e+00
6.485178275539831283e+00
6.462125146365541362e+00
6.439705019545502118e+00
6.417905994604809372e+00
6.396714226096954725e+00
6.376114546628109281e+00
6.356089932852816204e+00
6.336621782886154186e+00
6.317689429069361928e+00
6.299270700438328596e+00
6.281341641407068188e+00
6.263876094129857464e+00
6.246846880256515355e+00
6.230224463559483006e+00
6.213986540504078171e+00
