2.005966287600822625e+03
2.008807266676855761e+03
2.012592746858326791e+03
2.016241956586561173e+03
2.021657807889609330e+03
2.025268665355971052e+03
2.028966778597177381e+03
2.035119669804255864e+03
2.039335008007173656e+03
2.046214476647165611e+03
2.051176819460745719e+03
2.056772211192111172e+03
2.062029358925817178e+03
2.074659360251309863e+03
2.082483726652345922e+03
2.090452721836756155e+03
2.097724794574420230e+03
2.105048934925666344e+03
2.112203827608873326e+03
2.121442965188283779e+03
2.128848813256878657e+03
2.136557021016284125e+03
2.145939573608394312e+03
2.156218657964911472e+03
2.166496575107622448e+03
2.177230598298504447e+03
2.191436395279798489e+03
2.203447231963847116e+03
