2.589767123327266063e+01
2.612221414221777849e+01
2.618229212880733670e+01
2.597469236360451461e+01
2.588832077538903320e+01
2.578508754738266973e+01
2.578030031756349061e+01
2.581247089732126554e+01
2.590822970440920514e+01
2.601653390086617179e+01
2.617652554291531430e+01
2.622961120029420101e+01
2.618790965391724512e+01
2.616034705661751758e+01
2.616699396160989011e+01
2.620138851862756724e+01
2.622461506106459694e+01
2.627849845518328209e+01
2.631091931872266798e+01
2.646117346652838265e+01
2.651653263247817449e+01
2.654809044471738133e+01
2.658315723149635801e+01
2.666453862866263691e+01
2.677504691255182934e+01
2.686756217638373556e+01
2.690956665977559581e+01
2.692701265812015521e+01
2.694875384720922185e+01
2.705163720115725567e+01
2.715487744569310991e+01
2.724616926485307999e+01
2.726160367873827539e+01
2.731461696566132957e+01
2.734640503194803074e+01
2.743881937797064907e+01
2.757161685811733065e+01
2.770298588691515107e+01
2.777187284464062245e+01
2.781110623189390552e+01
2.801817879537410505e+01
2.825273464895362352e+01
2.827359401045326237e+01
2.830700510730427766e+01
2.832924137629420969e+01
2.836426126463402397e+01
2.845217889517048704e+01
2.857594478085979972e+01
2.868278051581371813e+01
2.874528423447931402e+01
2.876370785393708829e+01
2.879003880294551010e+01
2.881807770814985048e+01
2.890184315783258384e+01
2.900572896959295832e+01
2.910436390040443655e+01
2.918938270108596456e+01
2.926402514101177488e+01
2.931721594896627181e+01
2.932990013451872358e+01
2.934633684114624685e+01
2.945221946857470030e+01
2.957463561563346488e+01
2.972164271149944170e+01
2.984318648406759777e+01
2.992698102072899147e+01
3.001278315519667572e+01
3.014009084713196174e+01
3.033262294467411735e+01
3.037810818264342316e+01
3.041510869482219093e+01
3.045936031734826699e+01
3.054168158441664360e+01
3.066820898995255362e+01
3.078867092456059495e+01
3.085688598438861163e+01
3.089442312501109456e+01
3.094609771957423305e+01
3.103806563939984287e+01
3.115033656932664741e+01
3.123980675554361852e+01
3.128440160684267113e+01
3.130731645636409155e+01
3.135543239759318013e+01
3.145249269664427416e+01
3.153881822344588670e+01
3.168904089526338197e+01
3.174993606296111182e+01
3.183169401674002685e+01
3.203241933609658787e+01
3.224733660943183366e+01
3.233274167483781270e+01
3.233261288481914875e+01
3.236847469561219270e+01
3.246709389814072466e+01
3.266938972978260836e+01
