4.014736090531287971e+01
4.015871991919279793e+01
4.017004086603760271e+01
4.018131711581127519e+01
4.019254087136891940e+01
4.020370500726974683e+01
4.021480288535708780e+01
4.022582829949960370e+01
4.023677550148061499e+01
4.024763911976344133e+01
4.025841422003604464e+01
4.026909623977211794e+01
4.027968104548377681e+01
4.029016492117825265e+01
4.030054456904242244e+01
4.031081714672157545e+01
4.032098023985891899e+01
4.033103191005972832e+01
4.034097067735592645e+01
4.035079555135241236e+01
4.036050604331586555e+01
4.037010215161619442e+01
4.037958440657186543e+01
4.038895384377778441e+01
4.039821203282329520e+01
4.040736108492022538e+01
4.041640363823542970e+01
4.042534290429396293e+01
4.043418262635143634e+01
4.044292712572220694e+01
4.045158127769276035e+01
4.046015050651740808e+01
4.046864081199525032e+01
4.047705871919751530e+01
4.048541133537159453e+01
4.049370627364901054e+01
4.050195169869848399e+01
4.051015627506886574e+01
4.051832916421241038e+01
4.052648012944728606e+01
4.053461748128228948e+01
