6.091681830768801774e+03
6.039297731707402818e+03
5.993476646278921180e+03
5.957083845326600567e+03
5.924733503286219275e+03
5.883167173928281045e+03
5.841858725340387537e+03
5.793555415820393137e+03
5.746592953267056146e+03
5.717991222265479337e+03
5.670924724098359547e+03
5.642344575576795251e+03
5.609063555935523254e+03
5.578079006293261045e+03
5.533808283961229790e+03
5.471720856442630065e+03
5.437952762648897988e+03
5.410955317097159423e+03
5.382520056086927070e+03
5.345801156086126866e+03
5.315341311984579988e+03
5.288258738720618567e+03
5.236931452260816513e+03
5.209150642600659921e+03
5.157974350519820291e+03
