1.477170127712131276e+01
1.480373411214060475e+01
1.484150360165011584e+01
1.487409703881499468e+01
1.491750455960743871e+01
1.494392990642194441e+01
1.496934025159189119e+01
1.500860010552824164e+01
1.503369930845426339e+01
1.507210449533041441e+01
1.509814388791600592e+01
1.512608755141752681e+01
1.515114533254525675e+01
1.520737377718041294e+01
1.523984467788223185e+01
1.527135598494829161e+01
1.529890166152682518e+01
1.532560396312582185e+01
1.535077916243194807e+01
1.538208888032249533e+01
1.540630104693820890e+01
1.543074064101189791e+01
1.545953023990633568e+01
1.548997004540129652e+01
1.551936096400695853e+01
1.554904050266091176e+01
1.558687442921451627e+01
1.561769767005108633e+01
