1.405296062290620362e+01
1.406123741454165277e+01
1.406585639468753435e+01
1.407136434039955653e+01
1.407721424377401753e+01
1.408097441287794993e+01
1.408550740154873182e+01
1.409329020268437027e+01
1.409786914216467402e+01
1.410186497426916041e+01
1.410633626272656116e+01
1.411077946137246109e+01
1.411419993071259782e+01
1.411777270232886927e+01
1.412281191648520995e+01
1.412630699477995222e+01
1.412982158032672331e+01
1.413337236548337117e+01
1.413700825234281488e+01
1.414101499718052146e+01
1.414545984521478061e+01
1.414858076937996323e+01
1.415266194668122424e+01
1.415668998668889955e+01
1.416125208672623437e+01
1.416729083794578159e+01
1.417124352874186499e+01
1.417740145814344110e+01
