9.453802379771199412e+03
9.452981553276244085e+03
9.452621187665041361e+03
9.452577416996426109e+03
9.452721749015268870e+03
9.453164519052312244e+03
9.453896236965374555e+03
9.455128064984040975e+03
9.456722767636012577e+03
9.457889533688254232e+03
9.460138037221793638e+03
9.461706146002912647e+03
9.463728666238595906e+03
9.465804563018975387e+03
9.469099233695458679e+03
9.474386344134516548e+03
9.477596443933965929e+03
9.480336073824657433e+03
9.483390597836423694e+03
9.487595636512009150e+03
9.491310684249345286e+03
9.494789498247802840e+03
9.501845386613731534e+03
9.505922092908407649e+03
9.513917535809021501e+03
