2.082610335428600123e+01
2.083910698648846349e+01
2.084684876309633239e+01
2.085655200111511576e+01
2.086743843490992489e+01
2.087476220510271929e+01
2.088394127696311742e+01
2.090062644639805711e+01
2.091101109515350842e+01
2.092043063030443051e+01
2.093137841013923506e+01
2.094269744742928907e+01
2.095171930037937003e+01
2.096143768436985866e+01
2.097567346324103355e+01
2.098592224692171371e+01
2.099654846713632139e+01
2.100761998945367282e+01
2.101931748882204687e+01
2.103264473003735446e+01
2.104798442208503317e+01
2.105911659077316500e+01
2.107414056166020089e+01
2.108950644427791588e+01
2.110758188745616692e+01
2.113266191994618382e+01
2.114982718036984366e+01
2.117782108332228219e+01
