9.533541132214648314e+03
9.539808490041492405e+03
9.545071533133283083e+03
9.549103100795939099e+03
9.552574583992047337e+03
9.556877376185828325e+03
9.560974764388838594e+03
9.565535487528162776e+03
9.569726342668907819e+03
9.572158917510032552e+03
9.575960664761161752e+03
9.578144978854568762e+03
9.580568189367557352e+03
9.582705989246955141e+03
9.585559140125395061e+03
9.589152200232656469e+03
9.590901429636440298e+03
9.592193837710025036e+03
9.593451544099785679e+03
9.594915930204377219e+03
9.595991751539451798e+03
9.596840660322754047e+03
9.598165992949510837e+03
9.598725433926696496e+03
9.599458525283296694e+03
