6.091749862766566714e+00
6.091930422944194845e+00
6.092111914252420490e+00
6.092296223946627620e+00
6.092482673617190869e+00
6.092671534843997705e+00
6.092862832665018047e+00
6.093056321715511814e+00
6.093252251342764936e+00
6.093450445462406329e+00
6.093650873139086599e+00
6.093853614274903130e+00
6.094058548765683092e+00
6.094265809774388032e+00
6.094475168091892492e+00
6.094686681956637209e+00
6.094900372968968583e+00
6.095116029216209874e+00
6.095333912180605829e+00
6.095553619386168798e+00
6.095780120943327773e+00
