1.446570414922208414e+01
1.447950874219396944e+01
1.449127894045380849e+01
1.450042058684874569e+01
1.450839058286340055e+01
1.451841171509913941e+01
1.452812201032933359e+01
1.453915586374110447e+01
1.454954493475350930e+01
1.455570553798109223e+01
1.456556328081495089e+01
1.457137634663857639e+01
1.457797804399202235e+01
1.458395973423937697e+01
1.459222622152957527e+01
1.460325136482956943e+01
1.460896252051225730e+01
1.461338094118346831e+01
1.461789061587488803e+01
1.462349180109620939e+01
1.462794487695672174e+01
1.463175445143323117e+01
1.463857989178021235e+01
1.464205444951483059e+01
1.464804116078260776e+01
