4.178618590549211149e+03
4.186980134016922420e+03
4.194119051423273049e+03
4.199670378775605059e+03
4.204515385520760901e+03
4.210614695278475665e+03
4.216533394153609152e+03
4.223270186240417388e+03
4.229625626692681180e+03
4.233400598995443943e+03
4.239451844329733831e+03
4.243027099634295155e+03
4.247094242525467962e+03
4.250786310490836513e+03
4.255900688953944154e+03
4.262747123124819154e+03
4.266307015361954655e+03
4.269068376196554709e+03
4.271894088596885922e+03
4.275415383601391113e+03
4.278225438491642308e+03
4.280637940235354108e+03
4.284983635878077621e+03
4.287209596086318925e+03
4.291072482282932469e+03
