4.959224373757078865e+03
4.953816982715433369e+03
4.947630823204914122e+03
4.942458898987511930e+03
4.935812913695987845e+03
4.931903592089379345e+03
4.928242760337571781e+03
4.922777778926482824e+03
4.919406573777085214e+03
4.914435058092953113e+03
4.911193946067044635e+03
4.907833378766529677e+03
4.904924155809142576e+03
4.898758613195582257e+03
4.895429114186898005e+03
4.892361581617093179e+03
4.889813243302797673e+03
4.887462484856698211e+03
4.885354799331354116e+03
4.882881837965581326e+03
4.881083105039408110e+03
4.879368788154427421e+03
4.877480925895311884e+03
4.875640969205243891e+03
4.874018049024166430e+03
4.872533762988246963e+03
4.870869116611011123e+03
4.869703284720637384e+03
