2.897830103706372029e+03
2.908769666315050927e+03
2.920707708181643284e+03
2.930166398485981063e+03
2.941537785139219068e+03
2.947768466239537247e+03
2.953261665018162603e+03
2.960780566137154892e+03
2.964966316790625115e+03
2.970424301409583677e+03
2.973468024672239153e+03
2.976138722656974096e+03
2.978005302670829678e+03
2.980356786063916843e+03
2.980544509473603739e+03
2.979898014477306333e+03
2.978658318741382118e+03
2.976850893545211420e+03
2.974596487802352840e+03
2.971041388546584585e+03
2.967716494336457345e+03
2.963847113559331319e+03
2.958622393513041516e+03
2.952307290546995773e+03
2.945431457432324351e+03
2.937705029541005842e+03
2.926703528353244565e+03
2.916776275383725533e+03
