1.459871643301290896e+04
1.458124167818082788e+04
1.456594799281224732e+04
1.455379556946004777e+04
1.454298877734144844e+04
1.452909738187355288e+04
1.451528541682974537e+04
1.449912592849113025e+04
1.448340581750355705e+04
1.447382721043442143e+04
1.445805722075367703e+04
1.444847652989859853e+04
1.443731545542233653e+04
1.442692005524176784e+04
1.441205950025546372e+04
1.439120290079929146e+04
1.437985167400337377e+04
1.437077240811522643e+04
1.436120569138735846e+04
1.434884600456395128e+04
1.433858788345228277e+04
1.432946307650747076e+04
1.431215889593412976e+04
1.430278707024138566e+04
1.428551156327565332e+04
