1.511018580592073590e+01
1.511963166850899221e+01
1.512796026966370810e+01
1.513462001611258145e+01
1.514057391555259890e+01
1.514827158188975531e+01
1.515597546809412854e+01
1.516505348753501714e+01
1.517395298686092708e+01
1.517940926693314907e+01
1.518844881038673655e+01
1.519397540276708192e+01
1.520044736995104806e+01
1.520650845769588599e+01
1.521522935080978733e+01
1.522758329140738631e+01
1.523436425585907550e+01
1.523981765184183956e+01
1.524559275237749389e+01
1.525309846889684451e+01
1.525936673801484034e+01
1.526497251358876817e+01
1.527568229797809529e+01
1.528152664079224721e+01
1.529238262036037455e+01
