1.356575114556508588e+01
1.361209716415571691e+01
1.363876235441221851e+01
1.367133845866085018e+01
1.370689654489770781e+01
1.373029137931655264e+01
1.375907285113416378e+01
1.381001733908969342e+01
1.384092860282571102e+01
1.386849380052863090e+01
1.390001205641733861e+01
1.393205929721157865e+01
1.395723915932273407e+01
1.398402727297764869e+01
1.402268368417153255e+01
1.405011470278828689e+01
1.407822789036522160e+01
1.410718551088189443e+01
1.413743295721167748e+01
1.417148694755381655e+01
1.421018176031060598e+01
1.423794832918935960e+01
1.427502911173910327e+01
1.431251515708572875e+01
1.435608197806716468e+01
1.441565691407911665e+01
1.445588941431417496e+01
1.452063641979698971e+01
