2.176242394869345389e+03
2.164851475364275302e+03
2.149939447220992406e+03
2.138679721574131236e+03
2.128727895546079253e+03
2.117935084917900895e+03
2.108064789784131335e+03
2.099709783569456249e+03
2.090160389142486110e+03
2.079992223177251617e+03
2.070963055475942383e+03
2.055160359513448384e+03
2.046698581965450330e+03
2.038183488738112374e+03
2.028211683126982734e+03
2.020533192654860159e+03
2.007741872895076995e+03
2.000189098898384827e+03
1.990768086951228042e+03
1.983802347097719121e+03
