1.999006057170194950e+01
1.999469394968707192e+01
1.999872604372977491e+01
2.000191439118624714e+01
2.000473793183328297e+01
2.000835088930952921e+01
2.001192447856075063e+01
2.001608132751822922e+01
2.002009970946553707e+01
2.002253567565844250e+01
2.002652516624557322e+01
2.002893591728496148e+01
2.003173176954316759e+01
2.003432348800211926e+01
2.003800743536728035e+01
2.004313524660337364e+01
2.004590471548916852e+01
2.004810882943907657e+01
2.005042050738013870e+01
2.005339046266236736e+01
2.005584098204082721e+01
2.005800958697648539e+01
2.006209266144553638e+01
2.006428764033381640e+01
2.006830289033822012e+01
