9.061993475435037908e+03
9.016013630911786095e+03
8.974430097595770349e+03
8.940477984920109520e+03
8.909598156338963236e+03
8.868939578312303638e+03
8.827420427920142174e+03
8.777435502988200824e+03
8.727323279748932691e+03
8.696057256215177404e+03
8.643353234462540058e+03
8.610576314918682328e+03
8.571658630925239777e+03
8.534690308517099766e+03
8.480616244311144328e+03
8.402237408656319531e+03
8.358332442801318393e+03
8.322569968959516700e+03
8.284258182603280147e+03
8.233791056544101593e+03
8.191061265854480553e+03
8.152398981406358871e+03
8.077360107216877623e+03
8.035762239416955708e+03
7.957280507546926856e+03
