1.519280130097786696e+03
1.519042252010996208e+03
1.518730594778624436e+03
1.518495075191723572e+03
1.518286767255021005e+03
1.518060695180684661e+03
1.517853793978003068e+03
1.517678537768782007e+03
1.517478089569871145e+03
1.517264484192741065e+03
1.517074653912716030e+03
1.516742053024175675e+03
1.516563757020245248e+03
1.516384189072696472e+03
1.516173703537463780e+03
1.516011473070977672e+03
1.515740908395683846e+03
1.515580958485796600e+03
1.515381232179011022e+03
1.515233399554898369e+03
