7.330418120476359036e+03
7.328315532833622456e+03
7.325965912909991857e+03
7.321573547351676098e+03
7.320142237167347048e+03
7.317379784648257555e+03
7.315598097548963779e+03
7.314110025432057228e+03
7.311835840064705735e+03
7.309768807774255038e+03
7.306087495356201543e+03
7.302402843720605233e+03
7.296878248414522204e+03
7.290378720691660419e+03
7.288709491461986545e+03
7.285088581795894243e+03
7.283389456087279541e+03
7.279908958859178711e+03
7.277855883466551859e+03
7.264735433313158865e+03
7.252096284457952606e+03
7.243049691747870384e+03
7.236858877870032302e+03
7.227567214958013210e+03
7.217499386233472251e+03
7.207433329915786089e+03
7.199661923052124621e+03
7.194293998041051054e+03
7.187057786175022557e+03
7.171215775855565880e+03
7.161062762622297669e+03
7.150774199631278861e+03
7.148374480645919903e+03
7.128503641930942649e+03
7.117682822536429740e+03
7.105366260454677104e+03
7.093088273275016036e+03
7.078185202047335224e+03
7.063324255247292967e+03
7.055303949756536895e+03
7.034671865870793226e+03
7.014180037384877323e+03
7.011159932620045765e+03
7.004060547080235665e+03
6.995694355084206109e+03
6.984929290177859912e+03
6.972464671881051800e+03
6.960126152826877842e+03
6.947738227732094856e+03
6.935495356060522681e+03
6.930536661825032752e+03
6.923877008963237131e+03
6.918231358087558874e+03
6.906198082856032670e+03
6.894177641271161519e+03
6.882335269864969632e+03
6.870621984366539436e+03
6.858977154606302065e+03
6.849777529383556612e+03
6.847478537047120881e+03
6.844476588830144465e+03
6.827695518824532883e+03
6.814997310179661326e+03
6.802461868229733227e+03
6.790085931349910425e+03
6.777880532145739380e+03
6.767141009962355383e+03
6.756531661099397752e+03
6.741006511691318337e+03
6.735252187075932852e+03
6.727977872321150244e+03
6.717462879829775375e+03
6.706398558169391436e+03
6.694827309532947766e+03
6.682864731067935281e+03
6.671440456288125461e+03
6.660128406661307054e+03
6.649817950999406094e+03
6.639605576116174234e+03
6.629437197766493227e+03
6.619324909226154887e+03
6.609298364647846938e+03
6.599296474176882839e+03
6.589384899392632178e+03
6.579484257633364905e+03
6.572439851221434765e+03
6.557281638349286368e+03
6.542256484096802524e+03
6.530193539450996468e+03
6.516850177655539483e+03
6.503607331149056336e+03
6.489385396616030448e+03
6.486938905253209668e+03
6.470749024925871709e+03
6.464192209871033810e+03
6.456794603374527469e+03
