1.477073257601629486e+01
1.476629544908936964e+01
1.476325071681798562e+01
1.476312452650990181e+01
1.476464071795193611e+01
1.476808354086626629e+01
1.477293762345910544e+01
1.477837063460114564e+01
1.478612534497179176e+01
1.479626806951061546e+01
1.480697464189171875e+01
1.482977087900371949e+01
1.484421377802336828e+01
1.486040743257770380e+01
1.488158548410203963e+01
1.489959563784410612e+01
1.493307090715465435e+01
1.495498265511598923e+01
1.498467800282182871e+01
1.500840311799410820e+01
