1.438617972345281970e+01
1.443363112451832642e+01
1.445977127444669463e+01
1.449061100503230648e+01
1.452295726526103969e+01
1.454351934982516781e+01
1.456806151102682634e+01
1.460954824372374006e+01
1.463355736398174400e+01
1.465425792234973379e+01
1.467713527908201243e+01
1.469955968225650089e+01
1.471660587010035925e+01
1.473420388715874374e+01
1.475865360989063113e+01
1.477534769048326702e+01
1.479190990333103528e+01
1.480840668433956786e+01
1.482504541586042635e+01
1.484307446468263159e+01
1.486268464936803291e+01
1.487619978875504856e+01
1.489354537479287899e+01
1.491028737657988401e+01
1.492877669476439095e+01
1.495243965298699074e+01
1.496740197734743383e+01
1.498983206630665066e+01
