2.213234640808099485e+01
2.210036675047009780e+01
2.208264723846957267e+01
2.206164110543280543e+01
2.203948314742417836e+01
2.202532614539369504e+01
2.200835130102867154e+01
2.197944948456056480e+01
2.196259436620222161e+01
2.194797939238773310e+01
2.193173227443328699e+01
2.191570263954084297e+01
2.190344352421069729e+01
2.189071587690890297e+01
2.187290278693611612e+01
2.186064646043455184e+01
2.184840571978269708e+01
2.183612699108740784e+01
2.182364856468248959e+01
2.181001186217737597e+01
2.179502973194367144e+01
2.178460493065377790e+01
2.177109499271562498e+01
2.175790194009426770e+01
2.174313600411133507e+01
2.172389332827597741e+01
2.171149440699003463e+01
2.169250640718477285e+01
