1.129366117995783316e+04
1.131171076540014474e+04
1.133265270046233854e+04
1.135042613067181992e+04
1.137366267667259126e+04
1.138756351573854772e+04
1.140075406181681501e+04
1.142079111590661887e+04
1.143338109540195182e+04
1.145231029163952189e+04
1.146491206799250540e+04
1.147822455707586596e+04
1.148997516853396701e+04
1.151569262183602041e+04
1.153012970054937250e+04
1.154384676150805353e+04
1.155559875079216181e+04
1.156677649990781174e+04
1.157712015990247164e+04
1.158971829555588738e+04
1.159925677111716868e+04
1.160870313917090243e+04
1.161959486628299601e+04
1.163083090512624040e+04
1.164140422846299589e+04
1.165180415738985175e+04
1.166465352122907098e+04
1.167478047833938399e+04
