2.521332799104905007e+03
2.527705550565861358e+03
2.531824223332072961e+03
2.537282267517453874e+03
2.543752590802342183e+03
2.548289839571420998e+03
2.554165523226510686e+03
2.565326639233798232e+03
2.572551880951741168e+03
2.579271344826350742e+03
2.587262769605698850e+03
2.595714217503318196e+03
2.602577704578976409e+03
2.610088646228636662e+03
2.621295242046652675e+03
2.629502905888288296e+03
2.638127696990196000e+03
2.647230750324532437e+03
2.656970128428717544e+03
2.668209167364338100e+03
2.681320899087521411e+03
2.690946382819371138e+03
2.704074524136104628e+03
2.717655005600563527e+03
2.733815567220136927e+03
2.756544990871416303e+03
2.772291131139704703e+03
2.798273891268810075e+03
