2.803679330928092384e+01
2.826204559277946871e+01
2.830702242078458752e+01
2.804473655867256454e+01
2.793899780931261745e+01
2.780409000190987712e+01
2.778428691924661464e+01
2.780700067149721022e+01
2.789224586771631920e+01
2.799281098561047898e+01
2.813589894420834270e+01
2.816271723500708646e+01
2.807744089630562456e+01
2.800616461784872158e+01
2.800258195395728222e+01
2.801626191587280346e+01
2.803053553752782179e+01
2.806740366267516151e+01
2.809037632452720246e+01
2.818386237850785747e+01
2.818593561021913274e+01
2.817908160073988810e+01
2.818905407225644311e+01
2.823596681611007497e+01
2.831148585501935244e+01
2.836781470936309901e+01
2.837954480915121991e+01
2.837498877713715828e+01
2.836701674651525451e+01
2.841212122734355461e+01
2.848263905401131169e+01
2.854001188482062545e+01
2.854714300885979483e+01
2.852663338077577038e+01
2.851938997447804880e+01
2.857233200966958009e+01
2.866919449758837501e+01
2.875454661618536534e+01
2.877228736596272540e+01
2.878405856480106095e+01
2.892931964783378262e+01
2.910469468535918480e+01
2.911565486765415756e+01
2.912446008294183031e+01
2.911622261702753178e+01
2.911252225167585550e+01
2.915958025411262611e+01
2.924590549105737480e+01
2.931345281996211227e+01
2.933326756494685483e+01
2.933375580289432349e+01
2.933609962766021795e+01
2.934427760464659229e+01
2.938768938457613800e+01
2.945272993791294525e+01
2.951236557650717529e+01
2.955725293357929218e+01
2.959088390935717072e+01
2.961115531423241265e+01
2.961556133330090290e+01
2.962117348222817270e+01
2.966727544729749866e+01
2.974711840260770401e+01
2.985352332200302428e+01
2.993269779783089035e+01
2.997142470928039160e+01
3.001796898770513167e+01
3.010908675293638481e+01
3.024896358576815203e+01
3.027306320101338244e+01
3.028094700668756900e+01
3.028203137278929091e+01
3.032269271013811007e+01
3.040946873163820996e+01
3.048839735049613608e+01
3.051257484843530676e+01
3.050352983543170993e+01
3.051418529689121684e+01
3.056846337511156264e+01
3.064462613853602591e+01
3.069601315726274038e+01
3.069880054348184473e+01
3.067814036837540570e+01
3.068472991493057833e+01
3.074415656334671354e+01
3.080526579256489939e+01
3.089735087437935235e+01
3.089247313875200618e+01
3.092379470916511508e+01
3.107725738232331381e+01
3.124585056474532507e+01
3.126868858309586585e+01
3.125654117189947456e+01
3.121555860503911717e+01
3.128982295931617230e+01
3.147219254275648481e+01
