2.723525322215994748e+01
2.746621154243659291e+01
2.752355993244836085e+01
2.729432263579098006e+01
2.719993586322485157e+01
2.708465569574032727e+01
2.707539016567115198e+01
2.710572460197231948e+01
2.720112658427506958e+01
2.731024190594133216e+01
2.746991337142151224e+01
2.751706402765764281e+01
2.746190838338604223e+01
2.742129548393867111e+01
2.742526835406542673e+01
2.745486014979992717e+01
2.747625860446749613e+01
2.752696691153569120e+01
2.755770986051521021e+01
2.769679640209452387e+01
2.773941062443185857e+01
2.776162955855465597e+01
2.779105784507742882e+01
2.786572287328581865e+01
2.797029007278278101e+01
2.805605169336998372e+01
2.809137582866399541e+01
2.810359283129179886e+01
2.811824741960439056e+01
2.820931933669611880e+01
2.830734590263793038e+01
2.839284029780378660e+01
2.840665492991658780e+01
2.844289584963010142e+01
2.846599002450206939e+01
2.855155867799553704e+01
2.867970396439856628e+01
2.880396223491808527e+01
2.886258397680401799e+01
2.889640777271701566e+01
2.909516963817872437e+01
2.932304949297507335e+01
2.934221545375839568e+01
2.937083812444154418e+01
2.938655143705857853e+01
2.941353431356758819e+01
2.949465490100719478e+01
2.961362676011241746e+01
2.971472660948948885e+01
2.976930632150834910e+01
2.978415987701127676e+01
2.980578342437429384e+01
2.983013814642262318e+01
2.990731903823933990e+01
3.000565782859825958e+01
3.009857201222087397e+01
3.017720442143698634e+01
3.024496095831661435e+01
3.029242894391994767e+01
3.030365413258959251e+01
3.031817969608406216e+01
3.041403943173489210e+01
3.053091816702094974e+01
3.067369470514988095e+01
3.078980599949868235e+01
3.086633694464808642e+01
3.094626398067067541e+01
3.106979918322105405e+01
3.125716530625745548e+01
3.129947961742887586e+01
3.133134373894709412e+01
3.136766354551046732e+01
3.144372253140710782e+01
3.156596140999974409e+01
3.168160512097070836e+01
3.174273057800249731e+01
3.177161790256413809e+01
3.181633315028665621e+01
3.190345080733686700e+01
3.201192999351029300e+01
3.209643812036319588e+01
3.213377105315077387e+01
3.214833081504644241e+01
3.218941571917428490e+01
3.228198099678709809e+01
3.236605437578884903e+01
3.250946471283255335e+01
3.255893736855190923e+01
3.263318396038362579e+01
3.283123379464358749e+01
3.304424019895616027e+01
3.311998873121327591e+01
3.311743022792920499e+01
3.313903313265661410e+01
3.323617652734976957e+01
3.344151227422694461e+01
