8.880192016033213349e+02
8.888535204830724297e+02
8.899521829740241401e+02
8.907868222745638604e+02
8.915283063079850763e+02
8.923366421527292687e+02
8.930798610692963848e+02
8.937120674506149953e+02
8.944382521966673494e+02
8.952158866428388819e+02
8.959103761813553319e+02
8.971353185963342867e+02
8.977964442312750180e+02
8.984656043280511994e+02
8.992544014157525680e+02
8.998657598102045085e+02
9.008922947237441576e+02
9.015034255260559348e+02
9.022712337484293812e+02
9.028430616094193510e+02
