2.000000141388060371e+01
2.000278097450115666e+01
2.000559692187723826e+01
2.000844983826697643e+01
2.001133956745786691e+01
2.001426599166850195e+01
2.001722897134861512e+01
2.002022835999235539e+01
2.002326399468005746e+01
2.002633571322733275e+01
2.002944334214722488e+01
2.003258669248877766e+01
2.003576557361902033e+01
2.003897977623626403e+01
2.004222908583096086e+01
2.004551327878909461e+01
2.004883212417878369e+01
2.005218537709660609e+01
2.005557278093407803e+01
2.005899407030232950e+01
2.006244896886883211e+01
2.006593718834901807e+01
2.006945843420369258e+01
2.007301240588009250e+01
2.007659878696471623e+01
2.008021724913763961e+01
2.008386745696221354e+01
2.008754906573920351e+01
2.009126172172526026e+01
2.009500505702160922e+01
2.009877869862587829e+01
2.010258226244991775e+01
2.010641536318712141e+01
2.011027759948372662e+01
2.011416856583264590e+01
2.011808785041850811e+01
2.012203503610873057e+01
2.012600970287269320e+01
2.013001141622242685e+01
2.013403978119535864e+01
2.013809375176391470e+01
