1.544277479875100489e+01
1.543288557505131564e+01
1.542002188716492483e+01
1.541037362887731987e+01
1.540189464009346132e+01
1.539275277751854176e+01
1.538444319031615670e+01
1.537744878957372485e+01
1.536950059246097489e+01
1.536109362033778858e+01
1.535367907386562791e+01
1.534082330057159638e+01
1.533400620238552570e+01
1.532719566031855685e+01
1.531928605467935078e+01
1.531324628755318074e+01
1.530328844861150372e+01
1.529747274490143916e+01
1.529028898410307136e+01
1.528503019443762945e+01
