2.149857043025677285e+03
2.156856405566219564e+03
2.165002132746043571e+03
2.171937499061648850e+03
2.181037259374730638e+03
2.186499792049695316e+03
2.191696955033163249e+03
2.199618771177856161e+03
2.204613995747644822e+03
2.212151785830390509e+03
2.217189286745613572e+03
2.222528761509223386e+03
2.227257887774620485e+03
2.237664958952731922e+03
2.243544354775874581e+03
2.249157590093687759e+03
2.253989187376670088e+03
2.258605310357731469e+03
2.262896065105099296e+03
2.268148573068856422e+03
2.272146198910804287e+03
2.276124138619771202e+03
2.280735772296950927e+03
2.285523544117958409e+03
2.290059543324119659e+03
2.294552760882447274e+03
2.300151985154566319e+03
2.304606124171013107e+03
