9.135376087134645786e+02
9.146513926860477568e+02
9.161174949428418586e+02
9.172308275933423829e+02
9.182195677139433201e+02
9.192970872721778051e+02
9.202874611325659089e+02
9.211296398176170896e+02
9.220967009217256418e+02
9.231319028811301450e+02
9.240560847521473988e+02
9.256853616897658412e+02
9.265642785888202297e+02
9.274535556120614501e+02
9.285013977755072574e+02
9.293132041168521482e+02
9.306756528996623956e+02
9.314863603756886050e+02
9.325044698240805019e+02
9.332623823454688363e+02
