1.525381940848861184e+01
1.526419011082018251e+01
1.527770904834120280e+01
1.528787167504987821e+01
1.529681997105191016e+01
1.530648702727491361e+01
1.531529230572036049e+01
1.532271824632741009e+01
1.533117361427954961e+01
1.534013763294427157e+01
1.534806216632297549e+01
1.536184712210240555e+01
1.536918194194230480e+01
1.537652844315373102e+01
1.538508567366152313e+01
1.539163948722561592e+01
1.540248499158209938e+01
1.540884418887747742e+01
1.541672720629349413e+01
1.542251897462994492e+01
