2.058979982891906246e+01
2.075831073362321533e+01
2.079486146388142487e+01
2.060891258631025735e+01
2.053344218401860388e+01
2.043849153201013280e+01
2.042654146170973561e+01
2.044535926978853979e+01
2.051118314628045880e+01
2.058790993562515226e+01
2.069802000292474276e+01
2.072255791870208697e+01
2.066582772119863520e+01
2.061907996462233683e+01
2.061781527855382734e+01
2.063068249247072572e+01
2.064237583347928862e+01
2.067164051565347904e+01
2.068961670768539562e+01
2.076263718231869504e+01
2.076565219113102145e+01
2.076093336264499101e+01
2.076827569220738212e+01
2.080261076403345299e+01
2.085784782034060925e+01
2.089887747175877308e+01
2.090708824847051872e+01
2.090335530962702038e+01
2.089681210471137263e+01
2.092776285169103545e+01
2.097766670108623543e+01
2.101748885965451308e+01
2.102213257072362396e+01
2.100146767976965378e+01
2.099265993235222183e+01
2.102730066839960443e+01
2.109399976434291091e+01
2.115107286349147131e+01
2.115820770526230987e+01
2.116353508833071118e+01
2.126132285963293711e+01
2.138086545292180674e+01
2.138750733910747925e+01
2.139061124226238420e+01
2.138049671039251365e+01
2.137239984175701579e+01
2.140058501751284936e+01
2.145756153429453406e+01
2.150057319924423993e+01
2.150839937997068674e+01
2.150596941595259892e+01
2.150389790998016082e+01
2.150665802485806921e+01
2.153156253397417430e+01
2.157226572679228482e+01
2.160892818488330747e+01
2.163459402414629906e+01
2.165186533021778814e+01
2.166085950811414307e+01
2.166262499238195005e+01
2.166482776046358794e+01
2.168786394664977379e+01
2.173800875526960041e+01
2.180750177004022206e+01
2.185708985605065635e+01
2.187716171031992474e+01
2.190384481034675801e+01
2.196299639249035351e+01
2.205386485362696902e+01
2.206707229664003833e+01
2.206694898507155855e+01
2.205862982081062640e+01
2.207820106348382083e+01
2.213033704530356616e+01
2.217570120521309818e+01
2.218096018717889706e+01
2.216171789431668415e+01
2.215802014992416247e+01
2.218628122101464939e+01
2.223047726692439952e+01
2.225635833294764865e+01
2.224648857248975986e+01
2.221935803333792236e+01
2.221213426776261812e+01
2.224350701975507505e+01
2.227957203777730655e+01
2.232770572882310489e+01
2.230438838412833036e+01
2.231138835462561687e+01
2.240607835157846139e+01
2.251160911284715027e+01
2.250837785915068068e+01
2.249600159905374142e+01
2.244289390460661693e+01
2.248800299509425216e+01
2.261122145596516475e+01
