1.465998078552615702e+01
1.469059286753709870e+01
1.470758882525829669e+01
1.472777069181771914e+01
1.474910068600347302e+01
1.476275216374538957e+01
1.477914620112025723e+01
1.480712646378897546e+01
1.482348583358585081e+01
1.483769740046928121e+01
1.485352641730964862e+01
1.486917654925061605e+01
1.488116871086342741e+01
1.489364161836017253e+01
1.491113861309470678e+01
1.492320637406561801e+01
1.493528367498105069e+01
1.494742473562453355e+01
1.495979167459652359e+01
1.497334120920795719e+01
1.498827202902500488e+01
1.499869035402171669e+01
1.501222996873629612e+01
1.502549625284656187e+01
1.504040008553208452e+01
1.505991962558437436e+01
1.507256099941743344e+01
1.509202906555619172e+01
