2.121391733465911145e+01
2.136089720043567652e+01
2.136823843504815201e+01
2.111805510247318196e+01
2.102042385734939955e+01
2.088365053612714206e+01
2.084579097538011538e+01
2.084349574334845201e+01
2.087765542990875289e+01
2.092588838342261681e+01
2.098447928634435300e+01
2.095720328069590721e+01
2.083702851340171947e+01
2.073330151351439454e+01
2.071881452303136939e+01
2.070515230247347560e+01
2.070571156155052961e+01
2.071507255247355772e+01
2.072302242566815877e+01
2.075422535481984099e+01
2.073743023391861229e+01
2.072345010717975811e+01
2.072572674757640954e+01
2.075351357320175794e+01
2.080201184255734148e+01
2.083601774681754293e+01
2.083863105332738996e+01
2.083109451569078274e+01
2.081983915461001189e+01
2.084323406709773963e+01
2.088959800442239256e+01
2.092562802130110455e+01
2.092927225842222327e+01
2.089874073065400850e+01
2.088437035441765843e+01
2.091334976755008768e+01
2.097460362616081397e+01
2.102375350391614361e+01
2.102111635338916429e+01
2.102090775769250186e+01
2.110488189894573097e+01
2.120811781800123441e+01
2.121184379651285212e+01
2.120758903164587750e+01
2.118812924595687619e+01
2.116752513116517065e+01
2.118101828333411518e+01
2.122264790763777853e+01
2.124836419940250209e+01
2.123692700437964831e+01
2.122617588171688396e+01
2.121255539238134347e+01
2.120522264679554070e+01
2.120762654403351277e+01
2.122434918445047458e+01
2.123627290587680250e+01
2.123730009926220674e+01
2.123080564080148847e+01
2.122193735617688048e+01
2.121941042711635106e+01
2.121613776139994556e+01
2.121241687112877372e+01
2.124821969896316887e+01
2.130796930918695864e+01
2.134974098519726837e+01
2.136308014761867469e+01
2.138662537908361116e+01
2.144735665330085794e+01
2.154881588367793555e+01
2.156791951034549371e+01
2.157711816316151499e+01
2.158720221234493053e+01
2.163320660025095776e+01
2.171969774443434886e+01
2.180428965955757548e+01
2.184821942952567753e+01
2.186751945085966398e+01
2.189955426411719230e+01
2.196486467368629647e+01
2.204725069926989889e+01
2.211143773118262956e+01
2.213922979022615678e+01
2.214950363535455224e+01
2.218065171862177110e+01
2.225222156799057061e+01
2.231758725084844386e+01
2.242972313046653099e+01
2.246921030727920865e+01
2.252788147166526045e+01
2.268319187755554722e+01
2.285045369137600701e+01
2.291121269168981200e+01
2.290953018222057125e+01
2.292827321583749622e+01
2.300462289112717684e+01
2.316529254345185862e+01
