6.179453444665967687e+00
6.180632312658191019e+00
6.181720987203645379e+00
6.182669696032701445e+00
6.183435987565427006e+00
6.184067595758398816e+00
6.184518137952570882e+00
6.184738471294171980e+00
6.184795241910237884e+00
6.184661972039342537e+00
6.184267659750617874e+00
6.183690723440292913e+00
6.182942597243737737e+00
6.181928241828218873e+00
6.180716172363798222e+00
6.179370533135451815e+00
6.177784539752239290e+00
6.175988094549334839e+00
6.174098939764157912e+00
6.172025296149127094e+00
6.169734491563716894e+00
6.167379265667306321e+00
6.164916590098759031e+00
6.162243289139918367e+00
6.159510791171086908e+00
6.156754052920059728e+00
6.153814417419134486e+00
6.150795932376331265e+00
6.147822547600594767e+00
6.144717970307298494e+00
6.141501362747366244e+00
6.138372188625382364e+00
6.135179656473907173e+00
6.131838790417061702e+00
6.128597400271390327e+00
6.125364861257779125e+00
6.121953649767622352e+00
6.118649046182113693e+00
6.115384022301439515e+00
6.111872732881073134e+00
6.109748598811006737e+00
