6.397717747334052547e+03
6.397016479274075209e+03
6.395886277582570983e+03
6.394638277250305691e+03
6.393264105574616224e+03
6.391126610195249668e+03
6.388580853745838795e+03
6.385060369783285751e+03
6.381063814568043199e+03
6.378347208915237388e+03
6.373402110977110169e+03
6.370106310794029014e+03
6.365984474979216429e+03
6.361868248874122401e+03
6.355512089536303392e+03
6.345634750704645739e+03
6.339779218413924355e+03
6.334847502691406589e+03
6.329408934642437998e+03
6.322009317374891907e+03
6.315543293164065290e+03
6.309540330393138902e+03
6.297494660423406458e+03
6.290602537867176579e+03
6.277204577218937629e+03
