2.643019296186427255e+03
2.625417119321165956e+03
2.615654369645965289e+03
2.604071408455407436e+03
2.591841657395815218e+03
2.584021316352867871e+03
2.574637275153549581e+03
2.558640832418730952e+03
2.549300223255392211e+03
2.541193601069918714e+03
2.532173130464038422e+03
2.523264132087790586e+03
2.516444180797581339e+03
2.509357276957679915e+03
2.499427376161854681e+03
2.492586961827392315e+03
2.485748251760226140e+03
2.478880932485765243e+03
2.471893937562839710e+03
2.464248650062443176e+03
2.455836566151756870e+03
2.449975091909225739e+03
2.442368261430390248e+03
2.434927417616058392e+03
2.426583751287104860e+03
2.415683142756999587e+03
2.408641386982790209e+03
2.397826906212982522e+03
