4.554952034874834226e+02
4.560595050076533994e+02
4.568340356704161422e+02
4.574470047729028011e+02
4.580098528278037975e+02
4.586435561715484255e+02
4.592451812173679855e+02
4.597715928037203525e+02
4.603932662558505626e+02
4.610796407975704483e+02
4.617111461088298370e+02
4.628689461238305967e+02
4.635178681083714878e+02
4.641923734112460807e+02
4.650109425522670108e+02
4.656633070826927110e+02
4.667950320673108422e+02
4.674910619778084424e+02
4.683898695459056967e+02
4.690773406308757103e+02
