1.787022905266461976e+03
1.787251190939260141e+03
1.787434061634094405e+03
1.787706063601083542e+03
1.788061391262496045e+03
1.788327108348716592e+03
1.788687483589221301e+03
1.789412082287189833e+03
1.789903379838686988e+03
1.790372989489129395e+03
1.790945085845670974e+03
1.791563926441538797e+03
1.792075581937008792e+03
1.792643745810560631e+03
1.793505569423883117e+03
1.794146229803198139e+03
1.794827099576043793e+03
1.795553402635257726e+03
1.796338367263672581e+03
1.797253343736801071e+03
1.798331881449926414e+03
1.799130523916935545e+03
1.800228275389350983e+03
1.801373224934801101e+03
1.802746883038038732e+03
1.804697173534874992e+03
1.806059429346770912e+03
1.808324923363440348e+03
