3.713257228181638766e+03
3.727869811690194183e+03
3.744690621238046788e+03
3.758847474544830675e+03
3.777179988749772292e+03
3.788045971991552506e+03
3.798282656718033195e+03
3.813686746779857458e+03
3.823270469612120451e+03
3.837532073292402401e+03
3.846922229993056590e+03
3.856745698277527936e+03
3.865329890403530044e+03
3.883810865796216149e+03
3.893985442824101028e+03
3.903506792063612465e+03
3.911542919039124172e+03
3.919075322225413856e+03
3.925942811769899436e+03
3.934164071773494925e+03
3.940276747139663257e+03
3.946228483350141232e+03
3.952955963467727997e+03
3.959732582309384725e+03
3.965944564553578857e+03
3.971884402755506017e+03
3.978965990669254097e+03
3.984325083527245624e+03
