1.778146630891487945e+01
1.774632579355656503e+01
1.770035034261049134e+01
1.766565699766496067e+01
1.763500975669282766e+01
1.760179057293751370e+01
1.757142779200830773e+01
1.754573950186153652e+01
1.751639434125605277e+01
1.748516649051780902e+01
1.745745359962344168e+01
1.740899139824173503e+01
1.738306390723559147e+01
1.735698959011560305e+01
1.732647669117645961e+01
1.730299811066428006e+01
1.726392059319677230e+01
1.724086822836338229e+01
1.721213722934683688e+01
1.719091162966864772e+01
