4.665070189691205904e+00
4.616158829372512429e+00
4.569928628495961043e+00
4.526435554724091759e+00
4.485701821117897836e+00
4.447714908864729644e+00
4.412417481187265622e+00
4.379727750223788796e+00
4.349532153647228228e+00
4.321688975835617619e+00
4.296039587437966212e+00
4.272398176207522269e+00
4.250568001462745826e+00
4.230342099594781580e+00
4.211494291801036738e+00
4.193797390399698344e+00
4.177008933719893236e+00
4.160875554191421521e+00
4.145141042199184334e+00
4.129516743273018875e+00
4.113817046451235804e+00
