0.0 -0.0
86400.0 -0.0
172800.0 -0.0
259200.0 -0.0
345600.0 -0.0
432000.0 -0.0
518400.0 -0.0
604800.0 -70.65053326499999
691200.0 -461.56460609999993
777600.0 -950.0302168499999
864000.0 -886.3173110999999
950400.0 -821.1885629999999
1036800.0 -613.0597375499999
1123200.0 -513.95077305
1209600.0 -519.6141424499999
1296000.0 -518.1983001
1382400.0 -518.1983001
1468800.0 -516.7824577499999
1555200.0 -515.3666153999999
1641600.0 -518.1983001
1728000.0 -528.10919655
1814400.0 -523.8616695
1900800.0 -522.4458271499999
1987200.0 -522.4458271499999
2073600.0 -522.4458271499999
