6.078870192463090127e+00
6.079793989278276634e+00
6.080728861837060961e+00
6.081676205687378101e+00
6.082635020032800099e+00
6.083605688122125876e+00
6.084588710893138241e+00
6.085582716971899231e+00
6.086588575492396735e+00
6.087606676139483142e+00
6.088635355074791811e+00
6.089675931082927818e+00
6.090728493783316821e+00
6.091791201823941293e+00
6.092865811283182609e+00
6.093952100967786834e+00
6.095048171825068195e+00
6.096156157654015750e+00
6.097275472101257421e+00
6.098404124236859403e+00
6.099544540317878294e+00
6.100695835918524601e+00
6.101856133509753199e+00
6.103028194937366813e+00
6.104210658246807419e+00
6.105401661389215029e+00
6.106604293073075951e+00
6.107816745163944461e+00
6.109037424805337402e+00
6.110269747145590458e+00
6.111511122740786561e+00
6.112760304594648808e+00
6.114021056433212031e+00
6.115289908850057188e+00
6.116566438870792766e+00
6.117854520055534095e+00
6.119149336901984704e+00
6.120452488107968492e+00
6.121766445359517306e+00
6.123083385499968223e+00
6.124447453578778067e+00
