1.405336314104702566e+01
1.407295772880102547e+01
1.408990410497280088e+01
1.410323251454294180e+01
1.411498139164601362e+01
1.412993822807865918e+01
1.414464462486708207e+01
1.416163797138084490e+01
1.417794500566679083e+01
1.418777086368928764e+01
1.420376258591432084e+01
1.421336364828145626e+01
1.422443770412926511e+01
1.423464335189607866e+01
1.424904757313360015e+01
1.426888854683566343e+01
1.427949884442656447e+01
1.428788814263312901e+01
1.429663290392977437e+01
1.430778426545354165e+01
1.431691220949191390e+01
1.432493313780705790e+01
1.433988440345390103e+01
1.434783746780959746e+01
1.436222575019262315e+01
