1.705607285597031478e+03
1.705426669941065938e+03
1.705103086102595626e+03
1.704790255344247043e+03
1.704462446606436970e+03
1.704050236607603438e+03
1.703619491623330759e+03
1.703213130252183419e+03
1.702699969194534106e+03
1.702094113634046380e+03
1.701502529626380465e+03
1.700339224040407771e+03
1.699645813090631236e+03
1.698895707767492922e+03
1.697947477763043707e+03
1.697163644604675255e+03
1.695748401741815542e+03
1.694845104277934297e+03
1.693643855682424373e+03
1.692699907138984145e+03
