1.733257560117956686e+01
1.734289050784757436e+01
1.735507673065301759e+01
1.736561403016250793e+01
1.737967815727526855e+01
1.738825734949153201e+01
1.739651948699907180e+01
1.740930901715668710e+01
1.741750104005191702e+01
1.743005965323205686e+01
1.743859106167576911e+01
1.744776128883894728e+01
1.745599768869271884e+01
1.747452576738650265e+01
1.748525469558948942e+01
1.749568730699275676e+01
1.750482388683426649e+01
1.751369589470381527e+01
1.752207429328139909e+01
1.753251309520616630e+01
1.754059995609222256e+01
1.754877562905300437e+01
1.755842318213618825e+01
1.756864353187340910e+01
1.757853120005799497e+01
1.758853557282348490e+01
1.760131747609647945e+01
1.761175501885512062e+01
