4.445048053987603453e+03
4.436512709933242149e+03
4.429069778247942850e+03
4.423173953070780044e+03
4.417944838041318690e+03
4.411242634451045888e+03
4.404600812669769766e+03
4.396858562814039942e+03
4.389356821888082777e+03
4.384800610623583452e+03
4.377324163328741633e+03
4.372797314888252913e+03
4.367538553510647034e+03
4.362655094644166638e+03
4.355698790347138129e+03
4.345985887355685918e+03
4.340724799049474314e+03
4.336529742984088443e+03
4.332122160800179699e+03
4.326447382597726573e+03
4.321754537441839602e+03
4.317593339980598103e+03
4.309736806564659673e+03
4.305501081624815924e+03
4.297729556138594489e+03
