1.725405519295825130e+01
1.728151732357403247e+01
1.730569881989038095e+01
1.732501312596071941e+01
1.734226400713246008e+01
1.736454445340203279e+01
1.738681717109336589e+01
1.741302969335067274e+01
1.743869222891063586e+01
1.745440906421973182e+01
1.748041937260181200e+01
1.749630429839495704e+01
1.751488988815928849e+01
1.753227934486508133e+01
1.755727242457914272e+01
1.759262212877078113e+01
1.761199778948998329e+01
1.762756602064566636e+01
1.764403897982726832e+01
1.766542739825955977e+01
1.768327144006214269e+01
1.769921559858930138e+01
1.772964024645085246e+01
1.774622283753143748e+01
1.777698761500617408e+01
