2.198077208073124567e+01
2.200626909017378452e+01
2.203590725964145847e+01
2.206111061220585512e+01
2.209413388913324994e+01
2.211393146292664014e+01
2.213274821047207297e+01
2.216139234010194059e+01
2.217942999412025529e+01
2.220661117363631121e+01
2.222474986934535579e+01
2.224395154096832528e+01
2.226093642623864710e+01
2.229823693735984591e+01
2.231925957038790642e+01
2.233929430986974651e+01
2.235650927837138724e+01
2.237292920063392643e+01
2.238816658218190980e+01
2.240678448577320481e+01
2.242092722444805020e+01
2.243497573077162244e+01
2.245122979930105700e+01
2.246806562841836552e+01
2.248397697904629311e+01
2.249969812906270406e+01
2.251922884536228864e+01
2.253471383896978963e+01
