7.124927445926919063e+03
7.140229223590645233e+03
7.158024850065457940e+03
7.173165315922125046e+03
7.193014720111806128e+03
7.204920969757779858e+03
7.216242074091623181e+03
7.233485114855448955e+03
7.244349373084944091e+03
7.260730225348516797e+03
7.271668179250043977e+03
7.283253199814654181e+03
7.293506218855839506e+03
7.316042127133575377e+03
7.328755934260388130e+03
7.340881386820809894e+03
7.351307789818911260e+03
7.361259549745885124e+03
7.370500954385837758e+03
7.381801448339007038e+03
7.390392531808056447e+03
7.398932614651412223e+03
7.408821695517797707e+03
7.419074673711386822e+03
7.428774642582119668e+03
7.438368934564037772e+03
7.450303577167108415e+03
7.459779267449040162e+03
