1.744650534031324241e+03
1.748363074597415107e+03
1.753190557322558107e+03
1.756810001587934721e+03
1.759989786449245912e+03
1.763417028282683077e+03
1.766531172704155551e+03
1.769151586377362719e+03
1.772128343557717926e+03
1.775275704588676717e+03
1.778050422056452589e+03
1.782858735637495329e+03
1.785406989093178709e+03
1.787951685562914236e+03
1.790905550543239769e+03
1.793159966291214687e+03
1.796874478664491107e+03
1.799042395195042673e+03
1.801718633291634887e+03
1.803676497009117838e+03
