6.327645609860722288e+03
6.307947312305968808e+03
6.296817313133014977e+03
6.283411952809551622e+03
6.269010141971333724e+03
6.259660793509926407e+03
6.248290929944429081e+03
6.228508117917699565e+03
6.216708484338239941e+03
6.206310464723321275e+03
6.194560022931339518e+03
6.182759001999508655e+03
6.173587190480516256e+03
6.163923642825124261e+03
6.150144291612208690e+03
6.140481197075966520e+03
6.130673638543678862e+03
6.120670117359450160e+03
6.110324892100301440e+03
6.098801031895645792e+03
6.085860171444015577e+03
6.076671626804732114e+03
6.064524012139814658e+03
6.052382601106519360e+03
6.038441363110307066e+03
6.019661425107885407e+03
6.007157186859076319e+03
5.987322787864440215e+03
