3.924415342105279478e+02
3.924388773345015693e+02
3.925088400698993496e+02
3.926194005821218980e+02
3.927603684646571196e+02
3.929610364747028370e+02
3.931898696679443219e+02
3.934187553848184962e+02
3.937214138092294320e+02
3.940937835221492378e+02
3.944696119471578299e+02
3.952351984773796971e+02
3.957045635405503390e+02
3.962209868170956497e+02
3.968845864871628351e+02
3.974408116201821599e+02
3.984596818767889204e+02
3.991183032924128611e+02
4.000026412787669301e+02
4.007035061918086853e+02
