1.853852970643431945e+03
1.846412051066074355e+03
1.838037495958677027e+03
1.831160828047153927e+03
1.822511520814928872e+03
1.817533387973030358e+03
1.812953339683952663e+03
1.806279110171554748e+03
1.802270161111227708e+03
1.796529099719365377e+03
1.792909347458364209e+03
1.789272224808251394e+03
1.786230116439972107e+03
1.780166645953617490e+03
1.777151063415898307e+03
1.774568724759565157e+03
1.772591496016375231e+03
1.770926330750354282e+03
1.769584941431504831e+03
1.768228710688138335e+03
1.767418993396127917e+03
1.766814812443904884e+03
1.766379927119347940e+03
1.766248557068842501e+03
1.766444936411721756e+03
1.766968435075423940e+03
1.768114266065639185e+03
1.769448241908444288e+03
