2.442448558636912281e+01
2.443985515589007207e+01
2.445303636399583169e+01
2.446332723008348609e+01
2.447234036540518787e+01
2.448373210198815997e+01
2.449483883997726252e+01
2.450754989068056489e+01
2.451961634943569024e+01
2.452682155968021860e+01
2.453843696337220948e+01
2.454534120240362327e+01
2.455323668238186485e+01
2.456044559576489661e+01
2.457050422950996449e+01
2.458412123526874282e+01
2.459128143929254051e+01
2.459687875535030699e+01
2.460265000570153759e+01
2.460991097417477746e+01
2.461576760970138622e+01
2.462084580522533983e+01
2.463013003962729641e+01
2.463496575723086224e+01
2.464351708841046573e+01
