1.376099236096880850e+04
1.377991466988189859e+04
1.379616395336579990e+04
1.380886478321194591e+04
1.381999992004860360e+04
1.383408971489236501e+04
1.384784550979581945e+04
1.386361257907923937e+04
1.387860630760814820e+04
1.388757269719770193e+04
1.390204993369613658e+04
1.391066953594950610e+04
1.392054079034079768e+04
1.392956780571895069e+04
1.394218779599888694e+04
1.395932325615770787e+04
1.396836007421696013e+04
1.397543858208191705e+04
1.398275121810818200e+04
1.399197376971142694e+04
1.399943253527475645e+04
1.400591579241575710e+04
1.401781173403512184e+04
1.402403252943499683e+04
1.403508167124681313e+04
