2.295543229522736439e+01
2.294210883048510752e+01
2.292965790115687241e+01
2.291922879234462940e+01
2.290954990911907885e+01
2.289654043900935321e+01
2.288296184148977019e+01
2.286624583207968797e+01
2.284910924895543616e+01
2.283823686845288847e+01
2.281961365229837213e+01
2.280785340128401373e+01
2.279372108282391451e+01
2.278013410601397126e+01
2.275998891212522324e+01
2.273025146765281690e+01
2.271333256748269136e+01
2.269942019309192105e+01
2.268439040779598770e+01
2.266440145700146758e+01
2.264731454289083246e+01
2.263173078734726573e+01
2.260116522259897209e+01
2.258404751472472327e+01
2.255143248089054353e+01
