9.764705244823652208e+00
9.764705617388342418e+00
9.764705994525421318e+00
9.764706376234801866e+00
9.764706762516349059e+00
9.764707153369869275e+00
9.764707548795119152e+00
9.764707948791798486e+00
9.764708353359550230e+00
9.764708762497960493e+00
9.764709176206574526e+00
9.764709594484866528e+00
9.764710017332260961e+00
9.764710444748128992e+00
9.764710876731792055e+00
9.764711313282498750e+00
9.764711754399476362e+00
9.764712203096884480e+00
9.764712656420440950e+00
9.764713114369172331e+00
9.764713576942044782e+00
9.764714044137969395e+00
9.764714515955802199e+00
9.764714992394333493e+00
9.764715473452310945e+00
