1.459002646761748068e+01
1.457906858839652742e+01
1.456654622856197712e+01
1.455608930268609669e+01
1.454267057249786887e+01
1.453478821808266908e+01
1.452741497896413136e+01
1.451642416152612824e+01
1.450965492675812563e+01
1.449968926370034161e+01
1.449320447034960324e+01
1.448649216229033954e+01
1.448069190597320777e+01
1.446843736463212693e+01
1.446184532811941814e+01
1.445579136192313641e+01
1.445077869723112407e+01
1.444617039966554195e+01
1.444205362010039728e+01
1.443724492560107109e+01
1.443376477626451582e+01
1.443046454296909431e+01
1.442685303777292027e+01
1.442336213850578197e+01
1.442031393660472460e+01
1.441756017333387696e+01
1.441452711711033352e+01
1.441245555176259252e+01
