1.813474610924542674e+01
1.828555455743623170e+01
1.832035887030986743e+01
1.816137313740391690e+01
1.809647372290819334e+01
1.801588327298368597e+01
1.800733868632726953e+01
1.802559906941826284e+01
1.808623151739573487e+01
1.815632852248952744e+01
1.825817962586831200e+01
1.828522763778994786e+01
1.824309023397199070e+01
1.821076502021380961e+01
1.821208966053378120e+01
1.822899680148515600e+01
1.824200032539397398e+01
1.827340155754278683e+01
1.829259542391505988e+01
1.837872146671281115e+01
1.840252632904770635e+01
1.841440140793740454e+01
1.843211290425749382e+01
1.847917720130854491e+01
1.854608457082927941e+01
1.860059430992777152e+01
1.862219976000173816e+01
1.862905828080558379e+01
1.863718846057900791e+01
1.869480574115338811e+01
1.875849043739183131e+01
1.881403760579375017e+01
1.882294599638853327e+01
1.884508841225660802e+01
1.885965790898293903e+01
1.891590194827996285e+01
1.900063965654754483e+01
1.908279518178439105e+01
1.912139977800750401e+01
1.914377406631232859e+01
1.927603181392472464e+01
1.942797818411433752e+01
1.944079014920834325e+01
1.945998920238205088e+01
1.947066561423410747e+01
1.948899670242976612e+01
1.954355767605278871e+01
1.962342328530667146e+01
1.969148196660944095e+01
1.972866035960730002e+01
1.973892480632120794e+01
1.975385886990196127e+01
1.977055807150553335e+01
1.982305147732265027e+01
1.988972042253030637e+01
1.995286042657242120e+01
2.000660403123396236e+01
2.005321819081121859e+01
2.008606768960846267e+01
2.009385846596832792e+01
2.010394694962484152e+01
2.017020686197475854e+01
2.025005675842476904e+01
2.034729992096340823e+01
2.042685314726050194e+01
2.048007797364480354e+01
2.053540993443296259e+01
2.061994994297340611e+01
2.074835045956357149e+01
2.077793811762832021e+01
2.080103492030789880e+01
2.082815998381301625e+01
2.088218388819250748e+01
2.096743706307069033e+01
2.104866061363065199e+01
2.109354651297897476e+01
2.111699184146941022e+01
2.115061923039392155e+01
2.121252272654996673e+01
2.128871513549953676e+01
2.134899545370077334e+01
2.137787838384032568e+01
2.139159875675863631e+01
2.142300625404200076e+01
2.148875562919918281e+01
2.154768639812358089e+01
2.164966653786538231e+01
2.168910945022866699e+01
2.174378583117894337e+01
2.188154961366111806e+01
2.202933804414485763e+01
2.208620145742913010e+01
2.208559483487335484e+01
2.210721242376964568e+01
2.217485084823907115e+01
2.231495216632647072e+01
