1.717284932958094501e+01
1.717374338290046865e+01
1.717490480378985751e+01
1.717577469213154373e+01
1.717653823754622877e+01
1.717736045179294990e+01
1.717810683493944168e+01
1.717873432257990984e+01
1.717944648279006259e+01
1.718019865048479033e+01
1.718086102898210754e+01
1.718200710255767305e+01
1.718261350356068462e+01
1.718321832205083055e+01
1.718391940144589469e+01
1.718445370376828052e+01
1.718533247302761424e+01
1.718584436591877562e+01
1.718647518500588944e+01
1.718693584363890281e+01
