1.765525191985199882e+01
1.743373812321324223e+01
1.731374516874822689e+01
1.717418396133473735e+01
1.703030089882805598e+01
1.694025602505551831e+01
1.683432199680547470e+01
1.665936080197833036e+01
1.656067180297065988e+01
1.647722228326041005e+01
1.638688982186700471e+01
1.630041518770942233e+01
1.623614983487180652e+01
1.617122744042239901e+01
1.608360942415027495e+01
1.602564511767331368e+01
1.596975182989071307e+01
1.591579418226515763e+01
1.586323989260981016e+01
1.580858979288743882e+01
1.575211588772111604e+01
1.571516611190705603e+01
1.567033675341059862e+01
1.563011039507190603e+01
1.558957743778327121e+01
1.554455358649613217e+01
1.552068376228426949e+01
1.549285855730427208e+01
