1.183145514302129413e+04
1.180392604602208849e+04
1.177198954598333330e+04
1.174488858074877862e+04
1.170946270142821959e+04
1.168827283965768765e+04
1.166816793401432915e+04
1.163763200844410130e+04
1.161844806872665504e+04
1.158960918318219228e+04
1.157041332434035212e+04
1.155013773951812800e+04
1.153224356596922189e+04
1.149308944130789314e+04
1.147111536513625106e+04
1.145024155731909013e+04
1.143236170324156046e+04
1.141535883716089847e+04
1.139962780833515899e+04
1.138047236502403393e+04
1.136597247601372692e+04
1.135161565124721164e+04
1.133506616785954975e+04
1.131799840818004668e+04
1.130194225803607878e+04
1.128615450770547977e+04
1.126665605134978250e+04
1.125129539245023807e+04
