6.159305636966970532e+00
6.159541031324645921e+00
6.159756800812838051e+00
6.159919338425602575e+00
6.160000820371416275e+00
6.160061560117660484e+00
6.160066082775731644e+00
6.159974159921095982e+00
6.159858926118629618e+00
6.159698473305517119e+00
6.159424426382854811e+00
6.159115428613005427e+00
6.158781332053701263e+00
6.158324016426588443e+00
6.157806923500897867e+00
6.157287663870112837e+00
6.156652107252032380e+00
6.155921508369253559e+00
6.155203946688408756e+00
6.154397895398888707e+00
6.153460470142045224e+00
6.152533625435869347e+00
6.151564046734135260e+00
6.150438652166519304e+00
6.149298785913800636e+00
6.148170140263910177e+00
6.146885898106596358e+00
6.145542120033514522e+00
6.144255613817080963e+00
6.142844537697688345e+00
6.141322992829602256e+00
6.139886013717858582e+00
6.138380167804865728e+00
6.136718585234907763e+00
6.135147445309597103e+00
6.133576178069608531e+00
6.131818182974997811e+00
6.130159458204132328e+00
6.128535181980197422e+00
6.126662362478588086e+00
6.126175688112001083e+00
