1.638406609665940294e+01
1.632239334644102158e+01
1.625355998016812720e+01
1.619756953039019720e+01
1.612795747891667020e+01
1.608837710496410267e+01
1.605233120903490018e+01
1.600055406103875910e+01
1.596996391837390306e+01
1.592698492596505133e+01
1.590050036943807932e+01
1.587448720389556733e+01
1.585329660463746393e+01
1.581317350882628325e+01
1.579473462796426197e+01
1.578019118467302562e+01
1.577020542124364333e+01
1.576297433444874940e+01
1.575838198427979897e+01
1.575570852111499676e+01
1.575596878025721104e+01
1.575830670496414321e+01
1.576375610139723804e+01
1.577271567986781164e+01
1.578451353280807368e+01
1.579959340537871171e+01
1.582347529324379032e+01
1.584683092783491354e+01
