2.250648759477268612e+01
2.252052774045761652e+01
2.253667697679030013e+01
2.255025725915812984e+01
2.256782621649066201e+01
2.257822980148023362e+01
2.258802360180881053e+01
2.260274682774864274e+01
2.261189745347874336e+01
2.262549969160912156e+01
2.263444509849359321e+01
2.264379338824247867e+01
2.265195333503534414e+01
2.266948878913098042e+01
2.267912146292909981e+01
2.268811983963475498e+01
2.269570118287035854e+01
2.270279485802306851e+01
2.270925064705491181e+01
2.271696253027211299e+01
2.272268332458488516e+01
2.272824130493399153e+01
2.273450729045732999e+01
2.274079874527571832e+01
2.274654502014488600e+01
2.275201733337473087e+01
2.275850699968582092e+01
2.276338724850971929e+01
