7.562511289808375295e+03
7.565350061746069514e+03
7.568552616562029471e+03
7.574527511943995705e+03
7.576485316077099924e+03
7.580192412940268696e+03
7.582534435566593856e+03
7.584476902039917150e+03
7.587430581113057087e+03
7.590085749927158759e+03
7.594724359038009425e+03
7.599272576856387786e+03
7.605787705503394136e+03
7.613192574170585431e+03
7.615077916681280840e+03
7.619133571594677051e+03
7.621015616080015207e+03
7.624825343922771935e+03
7.627045005814874457e+03
7.640842789062691736e+03
7.653805815247426835e+03
7.662958796218972566e+03
7.669162153153257350e+03
7.678396338814256524e+03
7.688312502510257218e+03
7.698149608104533399e+03
7.705692841248557670e+03
7.710876431252730981e+03
7.717828568188320787e+03
7.732857976993829652e+03
7.742361570858618506e+03
7.751927493949761811e+03
7.754148299162756302e+03
7.772395042738475240e+03
7.782253340678369568e+03
7.793412107215207470e+03
7.804491312003605344e+03
7.817871761734075335e+03
7.831158571180744730e+03
7.838307329805249537e+03
7.856662713557286224e+03
7.874841914551050650e+03
7.877516820700461722e+03
7.883802265452261963e+03
7.891204591663382416e+03
7.900726659621072940e+03
7.911752199978026511e+03
7.922668292302673763e+03
7.933639284982534264e+03
7.944492274365882622e+03
7.948893801952100148e+03
7.954810750995661692e+03
7.959831088334536616e+03
7.970551753528424342e+03
7.981293916556073782e+03
7.991904207607115495e+03
8.002441351137268612e+03
8.012951860676042998e+03
8.021288892635624507e+03
8.023377548242280682e+03
8.026107541374022730e+03
8.041430201874976774e+03
8.053105739186756182e+03
8.064700545964408775e+03
8.076228424058315795e+03
8.087671920632439651e+03
8.097819304274873502e+03
8.107915725531412136e+03
8.122966654482231206e+03
8.128589962856874990e+03
8.135737030016633071e+03
8.146201422328870649e+03
8.157468403841225154e+03
8.169575779380796121e+03
8.182246907273238321e+03
8.194406364889287943e+03
8.206504389624922624e+03
8.217562499103139999e+03
8.228565503332825756e+03
8.239552877307929521e+03
8.250511493254447487e+03
8.261419149731154903e+03
8.272320141870211955e+03
8.283159729689725282e+03
8.294008886258172424e+03
8.301724561369946969e+03
8.318380796658169857e+03
8.334936550461989100e+03
8.348246693566261456e+03
8.362985450815431250e+03
8.377618995005317629e+03
8.393344699569592194e+03
8.396053027043148177e+03
8.413844115866402717e+03
8.421006971340824748e+03
8.429025051718004761e+03
