3.030308008500357118e+03
3.038941926976970990e+03
3.044386221390540868e+03
3.051486995249108986e+03
3.059778383036555624e+03
3.065529053177822334e+03
3.072913568231083445e+03
3.086786883512462282e+03
3.095682501044032506e+03
3.103906598627748735e+03
3.113635250313141114e+03
3.123870856877485949e+03
3.132148344521171566e+03
3.141175003299030323e+03
3.154588915047781938e+03
3.164376841405139203e+03
3.174632812005821961e+03
3.185427995963869307e+03
3.196947466695097773e+03
3.210205561152456085e+03
3.225630103707849230e+03
3.236927034825825103e+03
3.252302240093332784e+03
3.268171189850076644e+03
3.287012011578820875e+03
3.313440933184330788e+03
3.331707059147907330e+03
3.361780309908628624e+03
