1.703501547035135744e+01
1.704493473355157818e+01
1.705680194786724613e+01
1.706719343300123626e+01
1.708125152995563667e+01
1.708993328177202997e+01
1.709837052257433143e+01
1.711157925397108315e+01
1.712013464270447471e+01
1.713339461509188055e+01
1.714250240968778627e+01
1.715238261941221509e+01
1.716133678891224790e+01
1.718175754871763417e+01
1.719375912978219390e+01
1.720555401052908806e+01
1.721598498686471501e+01
1.722620475164702114e+01
1.723593832423967243e+01
1.724817787580422035e+01
1.725774566406963473e+01
1.726749497542592948e+01
1.727909860679798371e+01
1.729150858448765149e+01
1.730362992926036014e+01
1.731601013933376620e+01
1.733199754246216884e+01
1.734519465790043213e+01
