1.472609966397109929e+04
1.471961464664603773e+04
1.471373950721448637e+04
1.470893590007631974e+04
1.470456205792630681e+04
1.469879641101406196e+04
1.469290127869479147e+04
1.468579477424100514e+04
1.467866058437553875e+04
1.467420484143413523e+04
1.466668644626593778e+04
1.466200619125717276e+04
1.465644480855343136e+04
1.465115786958259014e+04
1.464341771076912119e+04
1.463218493459264573e+04
1.462588612164274491e+04
1.462075214120318560e+04
1.461524899980744885e+04
1.460799501971590689e+04
1.460184905614675699e+04
1.459628500621107196e+04
1.458547775048194671e+04
1.457948233406666077e+04
1.456816281897280169e+04
