7.998915574130744972e+03
8.026523057276022882e+03
8.042786475337985394e+03
8.063012883120530205e+03
8.085521058039548734e+03
8.100565102415119327e+03
8.119319552366894641e+03
8.153154370399613072e+03
8.174064372588880360e+03
8.192942844420314941e+03
8.214787415821023387e+03
8.237272136385385238e+03
8.255125862039518324e+03
8.274295392183932563e+03
8.302266696781112842e+03
8.322329746892208277e+03
8.343070515206567507e+03
8.364618242988133716e+03
8.387319501562304140e+03
8.413107597035565050e+03
8.442696293863566098e+03
8.464110453755120034e+03
8.492937740871015194e+03
8.522339308046091901e+03
8.556826751803806474e+03
8.604515665735465518e+03
8.637053894113234492e+03
8.689957306537880868e+03
