1.691239921777346581e+03
1.691765724954211464e+03
1.692484258138122641e+03
1.693190848783115371e+03
1.694257624849561125e+03
1.694978042605140672e+03
1.695721901805215794e+03
1.696970538105850437e+03
1.697832535718447843e+03
1.699248651720642101e+03
1.700276201801607613e+03
1.701440008795819494e+03
1.702537828926870588e+03
1.705189768960151241e+03
1.706841283536527726e+03
1.708529015963129041e+03
1.710073562833708820e+03
1.711632964968550141e+03
1.713159652286499067e+03
1.715135443544909094e+03
1.716722413773715289e+03
1.718376952132825181e+03
1.720394379898919851e+03
1.722608594855869342e+03
1.724826372403318146e+03
1.727146274337041177e+03
1.730221788955704596e+03
1.732826350814111038e+03
