8.087871032722421660e+03
7.824731068288824645e+03
7.603933656376226281e+03
7.434923628444761562e+03
7.289490450510747905e+03
7.109371562302314487e+03
6.938016622538222691e+03
6.747507592333146022e+03
6.572695629829077916e+03
6.471355048829806037e+03
6.313201928661116654e+03
6.222481678880876643e+03
6.121990476592884079e+03
6.033491005168385527e+03
5.915657646823355208e+03
5.767874061793329020e+03
5.696267380233251060e+03
5.643557589818824454e+03
5.592470464202600851e+03
5.533334408154568337e+03
5.490223788448093728e+03
5.456498286306697082e+03
5.404712769925887187e+03
5.383439760613530780e+03
5.356980153545638132e+03
