7.490387518903469754e+03
7.504800554275858303e+03
7.510675953033280166e+03
7.515574179990173434e+03
7.518179937571963819e+03
7.518396242439990601e+03
7.517091919014367704e+03
7.510715184749569744e+03
7.504423667713627765e+03
7.497335794550704122e+03
7.487582971915907365e+03
7.475924083013377640e+03
7.465570827475089573e+03
7.453438484610959677e+03
7.433963623884133995e+03
7.418778908769248119e+03
7.402077715699432702e+03
7.383702944147773451e+03
7.363275473386040176e+03
7.338812410874919806e+03
7.309192155471228034e+03
7.286778276385230129e+03
7.255381797346774874e+03
7.221990898164313876e+03
7.181167233074525939e+03
7.121970611798966274e+03
7.079874451792832588e+03
7.008694956535937308e+03
