1.628717193978932798e+01
1.627657811947223365e+01
1.626423349923453188e+01
1.625611034054800896e+01
1.624982818783694327e+01
1.624400675961681983e+01
1.623962326055103489e+01
1.623664277151169344e+01
1.623408805263342458e+01
1.623240737965625158e+01
1.623185225792381203e+01
1.623311793824372629e+01
1.623502866024234947e+01
1.623786652271404662e+01
1.624241059841047985e+01
1.624684836826993362e+01
1.625615581137185117e+01
1.626283463518250372e+01
1.627246865983664392e+01
1.628056715882925687e+01
