1.789922834248894645e+01
1.788692909909000761e+01
1.787989769802759810e+01
1.787135004692265383e+01
1.786207094628739966e+01
1.785599379305375933e+01
1.784854659915579944e+01
1.783544041945087244e+01
1.782753313360838021e+01
1.782050927835030762e+01
1.781250881921626572e+01
1.780440650173560613e+01
1.779806261456071326e+01
1.779133433682924093e+01
1.778166174261900778e+01
1.777482336069436997e+01
1.776783610667729718e+01
1.776066078086671851e+01
1.775318881603629961e+01
1.774480378207698550e+01
1.773530997372198215e+01
1.772851898366115719e+01
1.771947721235708073e+01
1.771036734386830247e+01
1.769981723652415440e+01
1.768545336696599790e+01
1.767579249970226840e+01
1.766030893928500589e+01
