4.004932791941661918e+01
4.005259902983380016e+01
4.005590928500706127e+01
4.005925974986427462e+01
4.006264978310684910e+01
4.006607880262012600e+01
4.006954618609092478e+01
4.007305126009242713e+01
4.007659335931624156e+01
4.008017175895614770e+01
4.008378574454122401e+01
4.008743454791973448e+01
4.009111739713835476e+01
4.009483349449439515e+01
4.009858201081021178e+01
4.010236211009703311e+01
4.010617290891613607e+01
4.011001351918031332e+01
4.011388301749349949e+01
4.011778046135197684e+01
4.012170489210800639e+01
4.012565531147460263e+01
4.012963071218697308e+01
4.013363004390752309e+01
4.013765223751565259e+01
4.014169619952411239e+01
4.014576078918986468e+01
4.014984486321054646e+01
4.015394722476928280e+01
4.015806666141207160e+01
4.016220192478483142e+01
4.016635172408722809e+01
4.017051475198110921e+01
4.017468963903141344e+01
4.017887502089318730e+01
4.018306946003981750e+01
4.018727150635656642e+01
4.019147965259649169e+01
4.019569235198926549e+01
4.019990809113878072e+01
4.020412385974142921e+01
