1.954104568972757761e+03
1.951822783797284274e+03
1.949048770664081303e+03
1.946581535767618107e+03
1.943189061135395150e+03
1.941063605726178366e+03
1.938976442141866755e+03
1.935667448513588397e+03
1.933497927456171738e+03
1.930095881992815976e+03
1.927732076627268725e+03
1.925143578177162226e+03
1.922776437029492172e+03
1.917304838715381266e+03
1.914043264777028753e+03
1.910805971826181121e+03
1.907917388658315303e+03
1.905064542722790065e+03
1.902326962597178635e+03
1.898856929004559561e+03
1.896123418101461084e+03
1.893319570344213389e+03
1.889958659223671475e+03
1.886336282030889834e+03
1.882770997355391955e+03
1.879102562618257480e+03
1.874325970625492573e+03
1.870350576357185673e+03
