1.705540343248199164e+01
1.707278742847876885e+01
1.709425715946837343e+01
1.711363832889142245e+01
1.714069060432865044e+01
1.715785975828156396e+01
1.717487374404329614e+01
1.720214115005518352e+01
1.722020227764076239e+01
1.724879670686233268e+01
1.726884921680758467e+01
1.729097113060301893e+01
1.731134321721866343e+01
1.735891686717791060e+01
1.738757442230286898e+01
1.741622396300288855e+01
1.744195089634261109e+01
1.746750329158543025e+01
1.749215147866087605e+01
1.752356638297076330e+01
1.754844268284207232e+01
1.757407223075027147e+01
1.760493842880701010e+01
1.763837451689645164e+01
1.767144640170059233e+01
1.770563578043264030e+01
1.775038507359927209e+01
1.778781848730861270e+01
