1.389837403996612863e+01
1.390567537063823700e+01
1.391546705829241581e+01
1.392495519049994002e+01
1.393910033314869956e+01
1.394856343269965393e+01
1.395827640569820005e+01
1.397447545991605899e+01
1.398559645877706181e+01
1.400377880633897121e+01
1.401691553869310347e+01
1.403174630544360824e+01
1.404569588727044227e+01
1.407925988725091138e+01
1.410008329347829381e+01
1.412131160513542127e+01
1.414069892126906147e+01
1.416023839025232967e+01
1.417933800460547111e+01
1.420401677530511719e+01
1.422380996885238424e+01
1.424442101948784334e+01
1.426952140715495787e+01
1.429703432573789001e+01
1.432455752288692175e+01
1.435331514594521884e+01
1.439139255702753140e+01
1.442360150115455575e+01
