2.000000006891934845e+01
2.000191057610902590e+01
2.000384509196346272e+01
2.000580510525491462e+01
2.000779043498138776e+01
2.000980097024270776e+01
2.001183658305884450e+01
2.001389715005232262e+01
2.001598253721612508e+01
2.001809260284161951e+01
2.002022718638042420e+01
2.002238612055595723e+01
2.002456923544229994e+01
2.002677634776797078e+01
2.002900725662824044e+01
2.003126175387809838e+01
2.003353962769107000e+01
2.003584064674823395e+01
2.003816455251334361e+01
2.004051116152513146e+01
2.004287865562349680e+01
