1.272370404254712184e+03
1.275658699602075785e+03
1.277583579212666336e+03
1.279966232443008494e+03
1.282604363277834182e+03
1.284360503359846689e+03
1.286542406138599517e+03
1.290459939697319896e+03
1.292869985901355449e+03
1.295039295334879171e+03
1.297542177761274161e+03
1.300110824911704867e+03
1.302145301915282971e+03
1.304324963785014461e+03
1.307497135933417212e+03
1.309766758463059205e+03
1.312108351712722879e+03
1.314536258631810369e+03
1.317089138310478802e+03
1.319983263387800889e+03
1.323296657668400258e+03
1.325690081904397630e+03
1.328906334252551005e+03
1.332180253215032280e+03
1.336012741357114010e+03
1.341299420719038153e+03
1.344898547489922066e+03
1.350737510891500278e+03
