3.161951090006843401e+02
3.174278701939353482e+02
3.189953226446637018e+02
3.201424138895831106e+02
3.211289520307616954e+02
3.221686826992946067e+02
3.230909268155658651e+02
3.238493716009082846e+02
3.246903171925905554e+02
3.255541178998503256e+02
3.262926363793609426e+02
3.275170972591645864e+02
3.281352308956459751e+02
3.287294117869028014e+02
3.293880936788199847e+02
3.298667251401150793e+02
3.306057930495952064e+02
3.310061795156348126e+02
3.314659488120216224e+02
3.317762164191867100e+02
