2.067454873816378935e+01
2.068820416506815363e+01
2.070029880484727869e+01
2.071000654055576717e+01
2.071871283961862176e+01
2.073000736198395089e+01
2.074135420197460178e+01
2.075478027946189385e+01
2.076800026642687769e+01
2.077613373058690627e+01
2.078965584409331058e+01
2.079795193619010973e+01
2.080769501481931982e+01
2.081684674975359428e+01
2.083006063478946501e+01
2.084887208606916786e+01
2.085924362317003045e+01
2.086760828086167763e+01
2.087648932337135932e+01
2.088806693135031978e+01
2.089776619407009051e+01
2.090646375027875692e+01
2.092314166304207035e+01
2.093227668975821487e+01
2.094930846826110127e+01
