1.906296211430320753e+01
1.912790134872183856e+01
1.918498591717097312e+01
1.923051531998101993e+01
1.927113153562202541e+01
1.932352095559920713e+01
1.937581481843766440e+01
1.943725968404178772e+01
1.949731127416055187e+01
1.953403855356719987e+01
1.959473472944130279e+01
1.963175071643186342e+01
1.967500967753126062e+01
1.971543544539731130e+01
1.977345430638711221e+01
1.985534712193450346e+01
1.990015014732479415e+01
1.993610620193761918e+01
1.997411012481959247e+01
2.002339026352920470e+01
2.006444858893906513e+01
2.010109272595382635e+01
2.017090529489706086e+01
2.020889397557419898e+01
2.027925662940087292e+01
