1.366702179537940687e+01
1.365847965431961875e+01
1.364931836600298709e+01
1.364221198809717350e+01
1.363390957381606405e+01
1.362951117841468651e+01
1.362575395124268418e+01
1.362086677428292703e+01
1.361833117107854285e+01
1.361534884376521859e+01
1.361394946029337838e+01
1.361301234389869741e+01
1.361267280487226827e+01
1.361365228607976086e+01
1.361532720909318250e+01
1.361773816177200302e+01
1.362048514235390329e+01
1.362372216958670634e+01
1.362729576586323255e+01
1.363245238910363355e+01
1.363698578794318550e+01
1.364204830336765362e+01
1.364864381754981792e+01
1.365636711112497359e+01
1.366456208939755435e+01
1.367357984736777787e+01
1.368616747896195029e+01
1.369733674312355554e+01
