9.829806686732033540e+02
9.841843409720594309e+02
9.858704458418575314e+02
9.872303396601262193e+02
9.884972628855368839e+02
9.899430580699557822e+02
9.913333717554736495e+02
9.925631135063413240e+02
9.940303417822190113e+02
9.956679266742964955e+02
9.971899523964010541e+02
1.000015793048028740e+03
1.001618220703151337e+03
1.003297014810969699e+03
1.005351410056652185e+03
1.007001317447419751e+03
1.009888499163278993e+03
1.011678948012541923e+03
1.014006649493552345e+03
1.015798339908701905e+03
