4.368136726252019798e+03
4.349520934239154485e+03
4.339414984170383832e+03
4.327639070286653805e+03
4.315470825694693303e+03
4.307839689738260859e+03
4.298844336423397181e+03
4.283939777495979797e+03
4.275502183549951951e+03
4.268347509079565498e+03
4.260579171559316819e+03
4.253116311546808902e+03
4.247551026620747507e+03
4.241909906734215838e+03
4.234261662290329696e+03
4.229175872722435088e+03
4.224248492372908913e+03
4.219466266565077603e+03
4.214779780368052343e+03
4.209869950139094726e+03
4.204747141929925419e+03
4.201361053235200416e+03
4.197205313677549384e+03
4.193417223999415000e+03
4.189519025219518880e+03
4.185032181529843911e+03
4.182532204445264142e+03
4.179367770731725614e+03
