2.000000007198963914e+01
2.000167372319589987e+01
2.000336825410128938e+01
2.000508516574333839e+01
2.000682429170211662e+01
2.000858553681231200e+01
2.001036879029337001e+01
2.001217394758433699e+01
2.001400089534516269e+01
2.001584951466183071e+01
2.001771967017224796e+01
2.001961122250417446e+01
2.002152403268438974e+01
2.002345795180536925e+01
2.002541281710828969e+01
2.002738846285576813e+01
2.002938472440398243e+01
2.003140142303193727e+01
2.003343835883183033e+01
2.003549541409230272e+01
2.003757084150552714e+01
