2.065613287890134231e+01
2.067415313748799477e+01
2.069838585825425881e+01
2.071718820698941599e+01
2.073418467512517793e+01
2.075303526476449179e+01
2.077067082713836044e+01
2.078590659488753900e+01
2.080367932603233783e+01
2.082304171941335014e+01
2.084063015320931456e+01
2.087235582671400280e+01
2.088986332871630935e+01
2.090786673257257888e+01
2.092946442499341586e+01
2.094649063343436879e+01
2.097566077468860257e+01
2.099338313635309561e+01
2.101603836069079634e+01
2.103320019780685257e+01
