1.886442149828233994e+01
1.902650431231488071e+01
1.906865724469365375e+01
1.891445816457423845e+01
1.885054592530540774e+01
1.877338361272711964e+01
1.876859143164219645e+01
1.879090386487212427e+01
1.885888458150942526e+01
1.893610841218139740e+01
1.904951731442724849e+01
1.908486496015621725e+01
1.904994929824811223e+01
1.902492728727877846e+01
1.902843298776484460e+01
1.905048664733382324e+01
1.906598182519310569e+01
1.910234681057236372e+01
1.912429022556205283e+01
1.922366823648755485e+01
1.925502345338509613e+01
1.927141123223357155e+01
1.929234467689498445e+01
1.934469389059571398e+01
1.941760079348287604e+01
1.947731955389996372e+01
1.950193236405418773e+01
1.951043731338181786e+01
1.952054976751912108e+01
1.958308544763979242e+01
1.965028585287811325e+01
1.970854030082159269e+01
1.971785214957697008e+01
1.974041844230245601e+01
1.975473622539293572e+01
1.981185883562198669e+01
1.989828044152646314e+01
1.998134000002685795e+01
2.001876438410061354e+01
2.004037586154303341e+01
2.017300174342761565e+01
2.032541708817633364e+01
2.033786775658455426e+01
2.035572826506269450e+01
2.036424047856388242e+01
2.037977196671686997e+01
2.043215255433733546e+01
2.051065631758261887e+01
2.057665610587066496e+01
2.061036711612726080e+01
2.061895772995902476e+01
2.063161715009522013e+01
2.064648918902872410e+01
2.069560474725184562e+01
2.075927453746220763e+01
2.081914313407792605e+01
2.086903114006537407e+01
2.091128342213937685e+01
2.094040278853409021e+01
2.094723246006308770e+01
2.095605565820502747e+01
2.101542386257484907e+01
2.109086078849309587e+01
2.118410894088245655e+01
2.125885715364344719e+01
2.130621932520584849e+01
2.135650393673950020e+01
2.143685377043473395e+01
2.155876533500257608e+01
2.158513707740087995e+01
2.160340662949291257e+01
2.162291233237077037e+01
2.166954436002557571e+01
2.174772758296595754e+01
2.182102803113533085e+01
2.185676292600959414e+01
2.187018242295186710e+01
2.189515953143585136e+01
2.194949392297868940e+01
2.201859115572361247e+01
2.207107132561845475e+01
2.209089796819153051e+01
2.209498350996450355e+01
2.211744525840500941e+01
2.217552737262741758e+01
2.222947291522820734e+01
2.231946386696256468e+01
2.234443786211445371e+01
2.238839744110554975e+01
2.251721446861109754e+01
2.265634563805701163e+01
2.269976881203560737e+01
2.269645165470392811e+01
2.270120066534945380e+01
2.276430255483053955e+01
2.290174445798678704e+01
