2.000000021294003716e+01
2.000440467093316954e+01
2.000897726290271805e+01
2.001371401774741798e+01
2.001860807147203758e+01
2.002365190209835788e+01
2.002883716977671469e+01
2.003415470945994059e+01
2.003959449079381017e+01
2.004514558971997928e+01
2.005079616863120151e+01
2.005653342226760572e+01
2.006234355588525631e+01
2.006821175431133497e+01
2.007412215830478885e+01
2.008005779969810334e+01
2.008600058973100033e+01
2.009193129462006056e+01
2.009782947346062087e+01
2.010367349170584106e+01
2.010943966469267963e+01
