6.110807915913143873e+00
6.111353727531041002e+00
6.111926618510183040e+00
6.112494719993996739e+00
6.113031870619905384e+00
6.113599309250543179e+00
6.114163156292083734e+00
6.114684789912052665e+00
6.115238006252044833e+00
6.115802175114889216e+00
6.116310495801605462e+00
6.116841976629871169e+00
6.117407209791048572e+00
6.117909527872844144e+00
6.118412494165030857e+00
6.118973713625392108e+00
6.119480190366584083e+00
6.119953157101398311e+00
6.120499834254810700e+00
6.121019216468729596e+00
6.121468327861459002e+00
6.121987452350716730e+00
6.122522851966444968e+00
6.122961258931271189e+00
6.123441722502512619e+00
6.123988286518207147e+00
6.124433685819520079e+00
6.124871342635100468e+00
6.125415064581165581e+00
6.125881991386476599e+00
6.126283487561721586e+00
6.126810312617694265e+00
6.127307127904350281e+00
6.127684370374293366e+00
6.128182873224985450e+00
6.128709047831257806e+00
6.129073662648903742e+00
6.129556433111923219e+00
6.130088731045214345e+00
6.130384938142739770e+00
6.132064085856613112e+00
