2.216138785327223104e+01
2.211753954593267224e+01
2.206733903774780714e+01
2.202533536241910284e+01
2.197130964270870024e+01
2.193950092887975245e+01
2.190969207377670003e+01
2.186514873360799882e+01
2.183764193396437747e+01
2.179703158296525700e+01
2.177052304586714371e+01
2.174300622286816420e+01
2.171915635835606651e+01
2.166850769287177769e+01
2.164108678061268165e+01
2.161577052941630939e+01
2.159469387550768005e+01
2.157520855715721808e+01
2.155769719346624314e+01
2.153709232926766504e+01
2.152205753168246360e+01
2.150768316807842950e+01
2.149179152162873763e+01
2.147622429251176968e+01
2.146240916089414696e+01
2.144968145271342053e+01
2.143525654890685317e+01
2.142501082303843418e+01
