6.184246408195777533e+00
6.184049615690949686e+00
6.183847139024533313e+00
6.183638367434337368e+00
6.183420413439175256e+00
6.183191606979702826e+00
6.182949961244023740e+00
6.182691877538136538e+00
6.182415646070389847e+00
6.182118852659619357e+00
6.181796988744999943e+00
6.181448206037582160e+00
6.181069195173728659e+00
6.180654466097143640e+00
6.180201822044357307e+00
6.179706770328668775e+00
6.179162733072905311e+00
6.178566840974975882e+00
6.177913056079257892e+00
6.177193387518512324e+00
6.176403884345682549e+00
6.175536677074833669e+00
6.174582207434121450e+00
6.173535092407354874e+00
6.172385024793576314e+00
6.171120336899319270e+00
6.169733729820637613e+00
6.168211974443369883e+00
6.166541008611829078e+00
6.164711043864699036e+00
6.162704961589267505e+00
6.160505734607601980e+00
6.158100433087989600e+00
6.155467180760694212e+00
6.152585699792645357e+00
6.149438908073668664e+00
6.145998769467017731e+00
6.142242209901559669e+00
6.138145578760081378e+00
6.133671517709747611e+00
6.128843527982930972e+00
