2.000000119888335348e+01
1.999999611013877399e+01
1.999998930161129351e+01
1.999998228991120186e+01
1.999997495971496164e+01
1.999996726481384002e+01
1.999995915067916030e+01
1.999995056165685270e+01
1.999994143747178299e+01
1.999993171326715213e+01
1.999992133332914790e+01
1.999991023002274915e+01
1.999989833778111148e+01
1.999988559721094816e+01
1.999987196957597746e+01
1.999985741743276435e+01
1.999984193094471152e+01
1.999982556529700872e+01
1.999980840943871385e+01
1.999979075019999897e+01
1.999977135974115328e+01
