4.408489799723839496e+03
4.437816660411261182e+03
4.454563226583328287e+03
4.474902589271204306e+03
4.496960186367357892e+03
4.511394110168040243e+03
4.529069146346387242e+03
4.560141600336069132e+03
4.578868315026237724e+03
4.595490500692899332e+03
4.614410059311577243e+03
4.633555859674004751e+03
4.648536426376972486e+03
4.664415240886768515e+03
4.687225977906112348e+03
4.703341202533706564e+03
4.719797517585591777e+03
4.736686725123496217e+03
4.754263539284590479e+03
4.773975586382653091e+03
4.796278420134153748e+03
4.812221728132300996e+03
4.833436467820986763e+03
4.854796546913635211e+03
4.879515893067648904e+03
4.913141351717987163e+03
4.935738461935076884e+03
4.971924575837098018e+03
