1.899423514178910821e+01
1.897350990175009144e+01
1.895523259813613137e+01
1.894061530991895381e+01
1.892754552058615403e+01
1.891064543984811408e+01
1.889372895914496908e+01
1.887379159074016499e+01
1.885424261143707980e+01
1.884225534091023491e+01
1.882239275660332112e+01
1.881024733858855313e+01
1.879602256393170379e+01
1.878269913496289334e+01
1.876352601849515978e+01
1.873635965497026135e+01
1.872144535822492628e+01
1.870944946072434334e+01
1.869674444840302030e+01
1.868022990710629472e+01
1.866643614088647851e+01
1.865409875079877011e+01
1.863052438110375064e+01
1.861765766584632686e+01
1.859375347240317566e+01
