1.999999990198739397e+01
2.000601176431997885e+01
2.001209997644690475e+01
2.001826583586731090e+01
2.002450894770971956e+01
2.003082897584807398e+01
2.003722555458725196e+01
2.004369831081356068e+01
2.005024684886300435e+01
2.005687075317862877e+01
2.006356957773500227e+01
2.007034285796007822e+01
2.007719011479974824e+01
2.008411084389179990e+01
2.009110451160964317e+01
2.009817056510073030e+01
2.010530843583883609e+01
2.011251752350975863e+01
2.011979718854224330e+01
2.012714685214525900e+01
2.013456430398406383e+01
