2.905533402249254777e+03
2.918667273514199678e+03
2.930038370020726688e+03
2.938990207396038841e+03
2.946887595359488387e+03
2.956950410123571146e+03
2.966855135189571683e+03
2.978313677458244001e+03
2.989323927309695137e+03
2.995965417249664824e+03
3.006786807320633670e+03
3.013291379523209343e+03
3.020801388684124049e+03
3.027729917517885042e+03
3.037521627366572375e+03
3.051035425612152267e+03
3.058275594214303510e+03
3.064007288336533293e+03
3.069988819432698619e+03
3.077627375317350925e+03
3.083889497303585358e+03
3.089399687348932730e+03
3.099690911139040054e+03
3.105176502302485915e+03
3.115122524212006738e+03
