7.026452981234981962e+03
7.020600255109695354e+03
7.013317455562830219e+03
7.006697432164221937e+03
6.997393715313194662e+03
6.991454772278350902e+03
6.985545890040541053e+03
6.976031503636465459e+03
6.969701910661214242e+03
6.959640360193519882e+03
6.952557292153963317e+03
6.944719437048920554e+03
6.937480998556458871e+03
6.920507941237124214e+03
6.910241065282521959e+03
6.899948143898018316e+03
6.890682378018693271e+03
6.881459501352455845e+03
6.872545277513894689e+03
6.861160179154204343e+03
6.852127070761521281e+03
6.842805057306959498e+03
6.831558785371221347e+03
6.819353440694241726e+03
6.807259220509758052e+03
6.794734906193179086e+03
6.778311459824039048e+03
6.764547906104065078e+03
