1.886253885010994054e+04
1.889121557065736852e+04
1.891612648924037421e+04
1.893579437954648529e+04
1.895318894685376654e+04
1.897541441152168045e+04
1.899736088040018876e+04
1.902284160894736851e+04
1.904742293849882117e+04
1.906229920965019119e+04
1.908662042710063906e+04
1.910129089753188964e+04
1.911827931997820633e+04
1.913400216825559983e+04
1.915630799836545702e+04
1.918726836551948873e+04
1.920394524462898698e+04
1.921719456724602787e+04
1.923106776710262784e+04
1.924885634271260642e+04
1.926350298912622020e+04
1.927644068803000118e+04
1.930073652874743493e+04
1.931376194157189821e+04
1.933752175849676132e+04
