4.678107785626790246e+03
4.676422519074967568e+03
4.673416208406769329e+03
4.669927138934857794e+03
4.663980124817467185e+03
4.659625627093649200e+03
4.654909845481041884e+03
4.646596472417891164e+03
4.640622617002984953e+03
4.630477286810686564e+03
4.622901628377037014e+03
4.614140022138863060e+03
4.605722751340720606e+03
4.584885742844960987e+03
4.571611170751284590e+03
4.557849687856529272e+03
4.545104359837224365e+03
4.532106636835103927e+03
4.519268342990597375e+03
4.502504526144104602e+03
4.488930069733603887e+03
4.474683551074733259e+03
4.457194012006205412e+03
4.437862843581228844e+03
4.418371983136362360e+03
4.397858892720383665e+03
4.370487352371863381e+03
4.347164644176878028e+03
