1.999999977702832155e+01
2.000493892327046552e+01
2.000997339395431140e+01
2.001510381702798469e+01
2.002032901673887011e+01
2.002564782320920500e+01
2.003105897727053275e+01
2.003656115285320283e+01
2.004215293945999576e+01
2.004783284490198270e+01
2.005359928196644859e+01
2.005945057973469403e+01
2.006538498640315282e+01
2.007140065718346023e+01
2.007749564818612953e+01
2.008366792533667677e+01
2.008991536697251945e+01
2.009623574514024114e+01
2.010262671883905483e+01
2.010908592551907503e+01
2.011560936576890413e+01
