1.374609212951415316e+01
1.375417525835952937e+01
1.375996140167213966e+01
1.376810105821621555e+01
1.377827339201419043e+01
1.378566987897989016e+01
1.379550714950773660e+01
1.381483061251753774e+01
1.382769334530603800e+01
1.383985776393528688e+01
1.385454107393687195e+01
1.387028934712216355e+01
1.388322325478350372e+01
1.389750838169303826e+01
1.391904665808556096e+01
1.393497176569354856e+01
1.395182791350752005e+01
1.396974090942442004e+01
1.398903160437706816e+01
1.401143812598275140e+01
1.403775476265064626e+01
1.405718349522184951e+01
1.408381725666076179e+01
1.411151783447426844e+01
1.414465904311293976e+01
1.419156204666314203e+01
1.422423238358868502e+01
1.427842230225723519e+01
