2.000000005056560326e+01
2.000032772113699764e+01
2.000065823992866854e+01
2.000099314245726845e+01
2.000133230237668869e+01
2.000167566825361121e+01
2.000202317685349129e+01
2.000237477483884874e+01
2.000273040368207234e+01
2.000309000292311623e+01
2.000345349902352154e+01
2.000382081774105814e+01
2.000419188837098972e+01
2.000456663325604723e+01
2.000494496355879193e+01
2.000532679004010816e+01
2.000571202693384976e+01
2.000610057661032926e+01
2.000649232216616724e+01
2.000688723099565891e+01
2.000728363913177077e+01
