1.380530826437349606e+04
1.379812528751364880e+04
1.379168735653106160e+04
1.378646911275918319e+04
1.378175114387849499e+04
1.377557767349556889e+04
1.376931617328305947e+04
1.376183146608379684e+04
1.375438255907374150e+04
1.374976123643570281e+04
1.374201420238631908e+04
1.373722216755462250e+04
1.373155683998121640e+04
1.372619887495924013e+04
1.371840108830651116e+04
1.370717643396061248e+04
1.370092668222677457e+04
1.369585503465842339e+04
1.369044009658951109e+04
1.368333480195546326e+04
1.367734244385195962e+04
1.367193841146489649e+04
1.366149618056962754e+04
1.365573272463254762e+04
1.364490530994451365e+04
