1.726136381407831522e+01
1.727451113730846188e+01
1.728598808742475157e+01
1.729508778257336843e+01
1.730316481332680212e+01
1.731352614618231200e+01
1.732380427937896172e+01
1.733579843615415683e+01
1.734743389737147723e+01
1.735450760638277146e+01
1.736612667204325788e+01
1.737316895815239448e+01
1.738135681875443694e+01
1.738896718504397754e+01
1.739981956340991331e+01
1.741499624552280068e+01
1.742322883915564091e+01
1.742979953186480557e+01
1.743670920367287280e+01
1.744561486560567687e+01
1.745298777179776195e+01
1.745953180532222504e+01
1.747190413968219858e+01
1.747858393168159452e+01
1.749085759049337341e+01
