4.295705196233107927e+03
4.293102860265765230e+03
4.291887844183279412e+03
4.290669669391024399e+03
4.289660019951789764e+03
4.289170665417520468e+03
4.288752009400658608e+03
4.288485973379987627e+03
4.288607398272903993e+03
4.288888187844534514e+03
4.289401731666007436e+03
4.290127343988526263e+03
4.290836736100298367e+03
4.291721959912843886e+03
4.293229095957012760e+03
4.294457977068244872e+03
4.295850397498219536e+03
4.297421482198630656e+03
4.299206663763593497e+03
4.301387549450349070e+03
4.304078553200748502e+03
4.306144892901483217e+03
4.309075316341436519e+03
4.312230579291175673e+03
4.316133102910901471e+03
4.321863386500531306e+03
4.325980638249548065e+03
4.333007503536923650e+03
