1.419967007652905266e+01
1.420118958066669279e+01
1.420322927465489116e+01
1.420520721220573179e+01
1.420815788186121864e+01
1.421013284363628770e+01
1.421216058588450615e+01
1.421554355387388924e+01
1.421786671755147147e+01
1.422166595881842710e+01
1.422441153766506972e+01
1.422751170591707393e+01
1.423042812645871891e+01
1.423744680545352992e+01
1.424180214677361000e+01
1.424624276314692217e+01
1.425029872788405427e+01
1.425438691476489339e+01
1.425838341356597461e+01
1.426354777254301887e+01
1.426769009150135759e+01
1.427200385659590509e+01
1.427725757094496117e+01
1.428301665937310183e+01
1.428877829027797119e+01
1.429479871215084863e+01
1.430277077587943246e+01
1.430951462508244276e+01
