1.506588960637028229e+01
1.514326245244772018e+01
1.518728264022029251e+01
1.524059280259189997e+01
1.529822016362603776e+01
1.533582750475534873e+01
1.538177145419225766e+01
1.546225903681844649e+01
1.551059861510521820e+01
1.555340221401324108e+01
1.560200570067288695e+01
1.565106717186165675e+01
1.568937040173007524e+01
1.572989056667377739e+01
1.578795898076648463e+01
1.582888467907849162e+01
1.587059430657558678e+01
1.591331613934173816e+01
1.595768746174327646e+01
1.600734200427673670e+01
1.606338900122242919e+01
1.610336915363629728e+01
1.615645995289033365e+01
1.620979194648161936e+01
1.627136116891842832e+01
1.635486076970278546e+01
1.641081510923064712e+01
1.650015867486468935e+01
