1.824654176416324162e+03
1.833685641668047538e+03
1.844062109419830222e+03
1.852777410424459276e+03
1.864036798591972456e+03
1.870695007619998705e+03
1.876956209814140038e+03
1.886355405803716394e+03
1.892188260727275519e+03
1.900844840446535954e+03
1.906527879900045491e+03
1.912457623382376823e+03
1.917625161471200272e+03
1.928699937201078228e+03
1.934763578922869783e+03
1.940413038360067958e+03
1.945160239545262129e+03
1.949590339224786476e+03
1.953611019417197213e+03
1.958398368521674001e+03
1.961937230512628730e+03
1.965363789027262101e+03
1.969211204526063966e+03
1.973054874554484286e+03
1.976545387340419893e+03
1.979848120065092189e+03
1.983731525417151261e+03
1.986621868780578779e+03
