2.172050694709944764e+03
2.149919290176810591e+03
2.138494110850784182e+03
2.125769975130180228e+03
2.113364398501600590e+03
2.106013119548353188e+03
2.097819114435409574e+03
2.085516924251006458e+03
2.079363346295080191e+03
2.074675426507042630e+03
2.070207368477666023e+03
2.066607275711002785e+03
2.064424140743815315e+03
2.062706517697903109e+03
2.061292625665029846e+03
2.061028107811132031e+03
2.061373346832416246e+03
2.062363187859404206e+03
2.064065080684554232e+03
2.066773915437266623e+03
2.070838710830796117e+03
2.074382767257456635e+03
2.079907927921265582e+03
2.086387127567171319e+03
2.095008533365630683e+03
2.108623080722231862e+03
2.118964193172706928e+03
2.137464401546946192e+03
