6.129961480450693671e+03
6.077699109641489486e+03
6.033393660541313693e+03
5.999159953044615577e+03
5.969450908609247563e+03
5.932292265585373571e+03
5.896513538428474021e+03
5.856158698147200084e+03
5.818488655429105165e+03
5.796316812143107200e+03
5.761125605365520641e+03
5.740555393916144567e+03
5.717376022067754093e+03
5.696556315486416679e+03
5.668104036498259120e+03
5.630827425436158592e+03
5.611871667529758270e+03
5.597398967455416823e+03
5.582821362007583957e+03
5.565024256759655145e+03
5.551154473267813955e+03
5.539514745797619071e+03
5.519278519294208309e+03
5.509341195943026833e+03
5.492948466885616654e+03
