2.012989931939958069e+03
2.013466206451454582e+03
2.014173691988823975e+03
2.014912316834868307e+03
2.016082164849715127e+03
2.016899435012807771e+03
2.017760981095966599e+03
2.019239174613470368e+03
2.020278547410841838e+03
2.022012738858900093e+03
2.023288327936077849e+03
2.024747671213947115e+03
2.026136546353811809e+03
2.029532147873170288e+03
2.031670793866527220e+03
2.033872107379093677e+03
2.035898851681393808e+03
2.037955542188861955e+03
2.039978204872079914e+03
2.042607862020659695e+03
2.044728850576024342e+03
2.046947721963206732e+03
2.049662786840636272e+03
2.052653611206027108e+03
2.055659602431681833e+03
2.058814056420887482e+03
2.063010209602751274e+03
2.066575287083493095e+03
