3.115445756229217750e+03
3.109694745025287830e+03
3.104606014415966456e+03
3.100524871519613043e+03
3.096867213239186185e+03
3.092125651326768093e+03
3.087366000749079376e+03
3.081739117530258682e+03
3.076203763438099486e+03
3.072800699720432476e+03
3.067147179938300724e+03
3.063681177699400905e+03
3.059613086116876275e+03
3.055794280973875630e+03
3.050284451556894055e+03
3.042448649850123729e+03
3.038132431352744334e+03
3.034653430804370146e+03
3.030961625910502789e+03
3.026151884962396707e+03
3.022125070239038905e+03
3.018516122467871355e+03
3.011601021875309016e+03
3.007816262778474993e+03
3.000765107780551261e+03
