6.086454185979492060e+00
6.086702076197217259e+00
6.086952370320260819e+00
6.087206502804271224e+00
6.087463507734413248e+00
6.087723808467218056e+00
6.087987951539090226e+00
6.088254606537637059e+00
6.088524691003819100e+00
6.088798644874938937e+00
6.089074852144308103e+00
6.089354687289636026e+00
6.089638295727715978e+00
6.089923890885286184e+00
6.090213291522519334e+00
6.090506338204987991e+00
6.090801193581994788e+00
6.091100060932959082e+00
6.091402421820927060e+00
6.091706353971312105e+00
6.092014359889152075e+00
6.092325629085027394e+00
6.092638359468862674e+00
6.092955395945813812e+00
6.093275456620565578e+00
6.093596761755518898e+00
6.093922489914125329e+00
6.094250919086722895e+00
6.094580545734907595e+00
6.094914881449350119e+00
6.095251428396343485e+00
6.095589035823825164e+00
6.095931570083837236e+00
6.096275658329460612e+00
6.096620980569325887e+00
6.096971518200616558e+00
6.097322556841044516e+00
6.097675805230207580e+00
6.098033844953402394e+00
6.098388959451957803e+00
6.098785412187368138e+00
