3.037159804437432285e+03
3.042807604804646871e+03
3.049600322172674623e+03
3.055579313617030493e+03
3.063712336870459694e+03
3.068759639372830861e+03
3.073682287793572414e+03
3.081422479254747941e+03
3.086457160445068894e+03
3.094292450154380276e+03
3.099696181086359957e+03
3.105577842502300882e+03
3.110925476503434766e+03
3.123180541530014580e+03
3.130420205577018805e+03
3.137561054074822550e+03
3.143896964352471059e+03
3.150123038874340182e+03
3.156069508972750100e+03
3.163569365800440664e+03
3.169449077760846649e+03
3.175455329281120157e+03
3.182623253967696655e+03
3.190311927647999710e+03
3.197843807393254338e+03
3.205558449387979636e+03
3.215552764431356081e+03
3.223829101947382696e+03
