2.073874395301454933e+04
2.071948230304459867e+04
2.069795744656569877e+04
2.065793509215255472e+04
2.064492169252304666e+04
2.062016592712348574e+04
2.060446616535304929e+04
2.059146709562027900e+04
2.057176936360342370e+04
2.055407511252222321e+04
2.052302637747898189e+04
2.049260689183194336e+04
2.045018047027221110e+04
2.040338769619464802e+04
2.039152399805486857e+04
2.036602918341770055e+04
2.035425840634596534e+04
2.033065546116837868e+04
2.031706170403199940e+04
2.023526631337906292e+04
2.016141391941719485e+04
2.010951611878944823e+04
2.007434000593630844e+04
2.002207098034876981e+04
1.996593055574098616e+04
1.991024472587253331e+04
1.986755933751841076e+04
1.983820859925370314e+04
1.979886842289435663e+04
1.971414814530120202e+04
1.966073975113812776e+04
1.960709014473315256e+04
1.959465015834127553e+04
1.949280323214916280e+04
1.943799634699677699e+04
1.937593727219007997e+04
1.931436072342161424e+04
1.923998883514063709e+04
1.916619635339615706e+04
1.912651282188290497e+04
1.902484588541949779e+04
1.892440057689497553e+04
1.890963570971411173e+04
1.887496596806066009e+04
1.883417603032466286e+04
1.878178440441703060e+04
1.872124560838202524e+04
1.866143972978198508e+04
1.860149659296218306e+04
1.854234913398596109e+04
1.851841427854376889e+04
1.848628703041201152e+04
1.845906775464527891e+04
1.840109157683483863e+04
1.834321906078090979e+04
1.828624631047777075e+04
1.822990963139824453e+04
1.817392045526813672e+04
1.812968980768967958e+04
1.811863500177411333e+04
1.810419967974605242e+04
1.802351855561170305e+04
1.796244166043239602e+04
1.790211419831260355e+04
1.784250168082020900e+04
1.778365897941006187e+04
1.773182265999478477e+04
1.768055752039563231e+04
1.760527769762828029e+04
1.757727257562620071e+04
1.754181083369947737e+04
1.749037551930022892e+04
1.743604038893845427e+04
1.737899751329205174e+04
1.731971533645505770e+04
1.726293979497838518e+04
1.720660114241106203e+04
1.715512230157229351e+04
1.710403701092062693e+04
1.705305546534179666e+04
1.700225024900292556e+04
1.695177626606093327e+04
1.690131128237697703e+04
1.685121302439089050e+04
1.680104086804442704e+04
1.676523761851110976e+04
1.668801459581811650e+04
1.661124591947426234e+04
1.654943866924899703e+04
1.648091319206465050e+04
1.641273927375169296e+04
1.633933847082433749e+04
1.632668034853048084e+04
1.624289304735441692e+04
1.620893051124385966e+04
1.617061600844735767e+04
