2.000000214265075016e+01
2.000361595717392760e+01
2.000727710497194778e+01
2.001098623476718785e+01
2.001474325817419597e+01
2.001854812450010712e+01
2.002240076041353944e+01
2.002630108438064127e+01
2.003024899693742356e+01
2.003424439745278107e+01
2.003828717175254681e+01
2.004237718756556319e+01
2.004651430788774036e+01
2.005069837354478679e+01
2.005492921622078129e+01
2.005920665411491655e+01
2.006353049338263972e+01
2.006790052094003229e+01
2.007231650636555642e+01
2.007677820438949112e+01
2.008128535224511779e+01
2.008583766822384575e+01
2.009043485695143616e+01
2.009507660926171724e+01
2.009976259199845572e+01
2.010449245171807675e+01
2.010926581919783374e+01
2.011408230696342869e+01
2.011894150921960644e+01
2.012384299641630037e+01
2.012878632399474554e+01
2.013377102599419288e+01
2.013879662451808628e+01
2.014386261440146342e+01
2.014896847469335839e+01
2.015411366592045894e+01
2.015929763065286551e+01
2.016451979534457806e+01
2.016977955852921767e+01
2.017507634349653856e+01
2.018040891436521989e+01
