2.491086541658394538e+01
2.489941257964152399e+01
2.488613668082811969e+01
2.487488029781513887e+01
2.486018005429381716e+01
2.485139514710313691e+01
2.484306589681163757e+01
2.483042671896346221e+01
2.482249378797761707e+01
2.481058002428351372e+01
2.480265817999785938e+01
2.479429836369429196e+01
2.478692728804381673e+01
2.477082293005627278e+01
2.476180068140866197e+01
2.475324172832599245e+01
2.474591999292537636e+01
2.473896617530471431e+01
2.473254065835249094e+01
2.472472773310217065e+01
2.471882253591236278e+01
2.471298368017558289e+01
2.470626377524347106e+01
2.469934639172896951e+01
2.469285208568039280e+01
2.468647985014809620e+01
2.467863031843414490e+01
2.467246418320680590e+01
