1.956848908790190578e+01
1.971694075090891474e+01
1.973852188407134989e+01
1.953761807854879962e+01
1.945825396256205408e+01
1.935402601495612274e+01
1.933418539229765898e+01
1.934525578407589208e+01
1.939781890914891704e+01
1.946204832164214338e+01
1.955178228950695996e+01
1.956081299449971311e+01
1.948935721685744937e+01
1.942811650172576421e+01
1.942276417695708446e+01
1.942626455105066441e+01
1.943351294788268646e+01
1.945400325821730547e+01
1.946713023409418852e+01
1.951615760602222593e+01
1.950428051018768372e+01
1.949034621248959809e+01
1.949131280508501263e+01
1.951569729412700127e+01
1.956005320167675876e+01
1.959155042485133436e+01
1.959397231059388389e+01
1.958692166317030114e+01
1.957637038442192079e+01
1.959840192322745978e+01
1.964250579084008308e+01
1.967792081827134609e+01
1.968189275541336514e+01
1.966029582352526361e+01
1.965210097215462781e+01
1.968619632355305882e+01
1.975157862683929366e+01
1.980904533945210488e+01
1.981994835796272270e+01
1.982771481428958538e+01
1.992927824001508696e+01
2.005333092283622420e+01
2.006130979835141659e+01
2.006832086194055265e+01
2.006378947322108175e+01
2.006316620271500284e+01
2.009887316935002843e+01
2.016249740306789207e+01
2.021345486957892490e+01
2.023148829928264547e+01
2.023368366301201959e+01
2.023796504823078024e+01
2.024605499315177326e+01
2.028182459431178231e+01
2.033314256755638638e+01
2.038102859903264985e+01
2.041906201582891711e+01
2.044974922741098666e+01
2.046993699322008453e+01
2.047456064636675421e+01
2.048052138181741100e+01
2.052462429435000857e+01
2.059011659490589707e+01
2.067478322343870190e+01
2.074089806249777013e+01
2.077906162861359363e+01
2.082182165109641403e+01
2.089625521103396721e+01
2.101076774308195638e+01
2.103403133839007566e+01
2.104794851273946676e+01
2.106131088773880933e+01
2.110325087408946132e+01
2.117841982145604263e+01
2.124893979881833062e+01
2.128097603896557999e+01
2.129001592888913663e+01
2.131163882805514120e+01
2.136394285051844832e+01
2.143178894788968591e+01
2.148255044322176843e+01
2.149951146659869394e+01
2.150020964050946048e+01
2.152010810539490038e+01
2.157716532927691944e+01
2.163099374954610354e+01
2.171989034245946826e+01
2.174134516325936772e+01
2.178344401649831852e+01
2.191347794173471897e+01
2.205445541493552497e+01
2.209576011349766489e+01
2.209164595838506528e+01
2.209208932066716713e+01
2.215588735490844741e+01
2.229686082771677746e+01
