2.151959700515082119e+01
2.153651665187966557e+01
2.155106720112532770e+01
2.156245477868116467e+01
2.157244970491636238e+01
2.158511261594598452e+01
2.159749362666726569e+01
2.161170889315311783e+01
2.162525276527176032e+01
2.163336513396190597e+01
2.164648571195767346e+01
2.165431157197272327e+01
2.166328766085650415e+01
2.167150988417267499e+01
2.168302871072981475e+01
2.169871866176612230e+01
2.170701889724021783e+01
2.171353418479249697e+01
2.172027865929886659e+01
2.172880618436473199e+01
2.173572202160749356e+01
2.174174859431122186e+01
2.175284763482998684e+01
2.175867531852207648e+01
2.176907228080536072e+01
