1.632727095396813183e+03
1.632864892567170500e+03
1.633063917186874960e+03
1.633267752713319624e+03
1.633585847628690317e+03
1.633805820699446258e+03
1.634036298060793570e+03
1.634429233526990402e+03
1.634704074004901940e+03
1.635160639378286533e+03
1.635495191242062674e+03
1.635876870292411695e+03
1.636239231681953015e+03
1.637122246452260242e+03
1.637676694462282512e+03
1.638246285564558775e+03
1.638769859807998955e+03
1.639300448082401090e+03
1.639821631071114325e+03
1.640498399093514990e+03
1.641043655043547460e+03
1.641613560432317627e+03
1.642310266457480566e+03
1.643076998829149261e+03
1.643846924561662718e+03
1.644654204544923232e+03
1.645727122652956268e+03
1.646637917798655053e+03
