1.376963649838465287e+01
1.379103099985249337e+01
1.380268652104101257e+01
1.381630913976141528e+01
1.383043739122244276e+01
1.383932761162372138e+01
1.384984001287278232e+01
1.386734707878821737e+01
1.387731451370022562e+01
1.388580338042312334e+01
1.389506371638133153e+01
1.390400817916834342e+01
1.391071331737388839e+01
1.391754435937870404e+01
1.392686970086615261e+01
1.393311781294028151e+01
1.393921325897143859e+01
1.394517480088215500e+01
1.395106802984907723e+01
1.395730667521391055e+01
1.396390230286602296e+01
1.396832168312474209e+01
1.397382755542507482e+01
1.397894694990257847e+01
1.398435140309854319e+01
1.399082936096312402e+01
1.399463088990268922e+01
1.399982011251726099e+01
