1.999535443026396564e+01
1.997444085584015028e+01
1.994451582544916945e+01
1.991406886929616959e+01
1.986680162214038958e+01
1.983423361131843166e+01
1.980018571538915495e+01
1.974227261910401054e+01
1.970184315834594457e+01
1.963479050994234143e+01
1.958572670274423189e+01
1.952980979293567643e+01
1.947677164985154974e+01
1.934768635821966853e+01
1.926672705027749188e+01
1.918361766348142083e+01
1.910726959564031091e+01
1.902993884308735772e+01
1.895401372716399280e+01
1.885546890950483956e+01
1.877610720875251360e+01
1.869318648189726062e+01
1.859185235668728353e+01
1.848037421202888453e+01
1.836847066504076054e+01
1.825117555233676470e+01
1.809533741743327084e+01
1.796308995677955522e+01
