4.526135031210177658e+03
4.532897904420026862e+03
4.538783123388517197e+03
4.543436800942620721e+03
4.547557999608704449e+03
4.552831404313484200e+03
4.558047330564190815e+03
4.564114546409766263e+03
4.569979636004313761e+03
4.573535075167132163e+03
4.579357956698173439e+03
4.582876568440931806e+03
4.586957242650320950e+03
4.590739962388500317e+03
4.596116814877460456e+03
4.603600996807340380e+03
4.607643092125178555e+03
4.610860029692679745e+03
4.614233947847751551e+03
4.618568612129368375e+03
4.622145142699953794e+03
4.625310208160684851e+03
4.631269400229725761e+03
4.634472925579941148e+03
4.640333066511908328e+03
