1.591605596029575963e+03
1.593754956347783946e+03
1.595533375266888470e+03
1.598216969392520696e+03
1.601760556709179127e+03
1.604427788830870213e+03
1.608061148739177270e+03
1.615404173738165127e+03
1.620402604633728060e+03
1.625191115123667259e+03
1.631035831636534567e+03
1.637369183684933432e+03
1.642612710238413683e+03
1.648441694226467462e+03
1.657294140451156636e+03
1.663881919635838130e+03
1.670888793036406014e+03
1.678368809419462195e+03
1.686458647781156742e+03
1.695894903388393004e+03
1.707025819018489756e+03
1.715272910634508435e+03
1.726614593461843469e+03
1.738450353771995651e+03
1.752657978584695456e+03
1.772842010583734918e+03
1.786947801224778914e+03
1.810418084948821843e+03
