5.809333708273441516e+03
5.817007352751227700e+03
5.820551792242255942e+03
5.824060886614974152e+03
5.826904016578637311e+03
5.828235024901710858e+03
5.829306867099066039e+03
5.829738877660965045e+03
5.829128538840266629e+03
5.828052147133212202e+03
5.826227647121516384e+03
5.823744964967283522e+03
5.821364700116783752e+03
5.818429796598154098e+03
5.813486009572956391e+03
5.809486155780455192e+03
5.804976644593410128e+03
5.799909583795466460e+03
5.794172280455156397e+03
5.787185350816570462e+03
5.778589509455601728e+03
5.772003869133072840e+03
5.762681824992666407e+03
5.752663148960147737e+03
5.740293086522468911e+03
5.722163000917172212e+03
5.709156021708040498e+03
5.686987044173885806e+03
