1.999999957226038205e+01
2.000182590687877493e+01
2.000367607877671006e+01
2.000555070411879655e+01
2.000744967126804852e+01
2.000937290933900670e+01
2.001132032879870337e+01
2.001329183607462880e+01
2.001528732422078960e+01
2.001730669012345842e+01
2.001934982256972262e+01
2.002141659808118490e+01
2.002350689471018796e+01
2.002562057498036907e+01
2.002775749931076277e+01
2.002991752210927601e+01
2.003210049351641686e+01
2.003430625292217471e+01
2.003653463118270750e+01
2.003878545353443030e+01
2.004105853742289511e+01
2.004335369142750523e+01
2.004567072087860069e+01
2.004800942800453001e+01
2.005036960205080376e+01
2.005275102317230207e+01
2.005515346728783399e+01
2.005757670406712379e+01
2.006002049722384584e+01
2.006248459940713147e+01
2.006496876106889360e+01
2.006747272425722528e+01
2.006999623207351036e+01
2.007253901349140435e+01
2.007510079471402520e+01
2.007768129667654478e+01
2.008028023540591533e+01
2.008289732392833216e+01
2.008553225950625887e+01
2.008818477773123945e+01
2.009085394963016213e+01
