2.073140980239205078e+01
2.073413825593406656e+01
2.073791455709884346e+01
2.074092666892646619e+01
2.074370929820774023e+01
2.074686010343389242e+01
2.074986774527242872e+01
2.075251159408217916e+01
2.075564767310390479e+01
2.075912642585807788e+01
2.076234124431830708e+01
2.076826790265382172e+01
2.077160682841936890e+01
2.077508955743738639e+01
2.077933185822011808e+01
2.078272445171189631e+01
2.078863292026370502e+01
2.079228036437737615e+01
2.079700485538566923e+01
2.080062890178523105e+01
