7.258796209761849028e+00
7.391913131171666151e+00
7.513452988832605151e+00
7.631630733287097179e+00
7.757456092203110387e+00
7.862018851663948205e+00
7.960721935765167956e+00
8.100248239600951194e+00
8.233952716051254228e+00
8.333796875619160716e+00
8.453331239917071471e+00
8.546375290567755911e+00
8.695727493593629731e+00
8.806416351408204335e+00
8.915685952167011763e+00
9.031652385825111651e+00
9.133845219120777514e+00
9.256622935609998493e+00
9.419463652918770080e+00
9.510719945508478546e+00
9.599012681832927996e+00
9.683662208542733296e+00
9.763887825835237066e+00
9.905161124012783702e+00
1.002142597707638849e+01
1.007853492735383583e+01
1.011247298932913630e+01
1.015972945400026717e+01
1.020302316348576355e+01
1.024808234701786525e+01
1.030233048132912366e+01
1.035816713079326767e+01
1.049240969432091397e+01
1.069903141888963205e+01
