1.975760811557700336e+01
1.975619558379868579e+01
1.975424615186227939e+01
1.975231461954016865e+01
1.974937999269422306e+01
1.974738896337072447e+01
1.974532717099264900e+01
1.974185544192859254e+01
1.973945234048265718e+01
1.973549543375920834e+01
1.973261842891316320e+01
1.972935498509762908e+01
1.972627242617800292e+01
1.971881235180354963e+01
1.971415842057860601e+01
1.970939709841499976e+01
1.970503560206089944e+01
1.970062862373803014e+01
1.969631101692942821e+01
1.969071925132050538e+01
1.968622491924233486e+01
1.968153667118668437e+01
1.967581692983912589e+01
1.966953557207188652e+01
1.966324060748402047e+01
1.965665237704263291e+01
1.964791347901562091e+01
1.964050888539051343e+01
