1.459382922648363312e+01
1.459859480349607885e+01
1.460144029974730451e+01
1.460501428499852317e+01
1.460903292659649111e+01
1.461174114556644099e+01
1.461514025219787705e+01
1.462133121472933439e+01
1.462519150946381075e+01
1.462869727166151890e+01
1.463277645611300670e+01
1.463699879750906874e+01
1.464036746826766056e+01
1.464399921770847257e+01
1.464932432882444679e+01
1.465316160894703401e+01
1.465714313825120385e+01
1.466129449970738996e+01
1.466568368169992453e+01
1.467068802530297944e+01
1.467645252039899795e+01
1.468063868461399935e+01
1.468629184255709319e+01
1.469207757379569479e+01
1.469888826990574593e+01
1.470834606394006094e+01
1.471482400339937335e+01
1.472539626774742239e+01
