1.340243926839980486e+04
1.338218174217309388e+04
1.336492870433626376e+04
1.335154195805561721e+04
1.333988121807518837e+04
1.332523421743801919e+04
1.331105858584940324e+04
1.329497329793328390e+04
1.327985247173339303e+04
1.327089844357858055e+04
1.325659235491771688e+04
1.324816975859156628e+04
1.323861811823712742e+04
1.322997723607173793e+04
1.321805982111857884e+04
1.320221566719722068e+04
1.319403474952984470e+04
1.318772002924912704e+04
1.318128943788617107e+04
1.317332555990821857e+04
1.316701503358481204e+04
1.316163335341311904e+04
1.315203759525160785e+04
1.314718008444478619e+04
1.313886522205021538e+04
