2.125316413867810894e+01
2.119504865994764486e+01
2.111823679545706156e+01
2.105966250679332319e+01
2.100746097381969335e+01
2.095037181552743277e+01
2.089771066897996121e+01
2.085278339367284062e+01
2.080102437352274691e+01
2.074541217359669787e+01
2.069557921799285438e+01
2.060728778733867728e+01
2.055941863231078059e+01
2.051080830516159637e+01
2.045329564278098999e+01
2.040855882387431208e+01
2.033311365635788803e+01
2.028799792520619150e+01
2.023109651287786193e+01
2.018855609625728675e+01
