2.020483705525585094e+01
2.023786288752647167e+01
2.028167365399213296e+01
2.031520706009648691e+01
2.034518460823822394e+01
2.037807031724580042e+01
2.040850063250391955e+01
2.043453529143326719e+01
2.046461378412328358e+01
2.049703430317680031e+01
2.052617755994669224e+01
2.057802942086858877e+01
2.060626038935938809e+01
2.063501520398843425e+01
2.066915074100167615e+01
2.069579069615762990e+01
2.074089312755655712e+01
2.076797165604161677e+01
2.080224094553102177e+01
2.082794780309678373e+01
