2.000000003425122230e+01
2.000601361651487053e+01
2.001210357000813644e+01
2.001827118989677956e+01
2.002451607979759274e+01
2.003083790245605655e+01
2.003723629163429365e+01
2.004371087441731447e+01
2.005026125629651546e+01
2.005688702407768886e+01
2.006358773561309050e+01
2.007036293209280586e+01
2.007721214255411013e+01
2.008413487359751315e+01
2.009113060607731427e+01
2.009819880593093444e+01
2.010533892865519334e+01
2.011255040433503183e+01
2.011983263143336131e+01
2.012718507861585948e+01
2.013460559194949440e+01
