2.727985278372862376e+04
2.727395297057037533e+04
2.726737340541507729e+04
2.725503964640790582e+04
2.725101919852745777e+04
2.724328018517395685e+04
2.723831256127434972e+04
2.723417929320114126e+04
2.722788862839478679e+04
2.722219175443934364e+04
2.721202803113773916e+04
2.720193504471767665e+04
2.718823174151352941e+04
2.717360395697479180e+04
2.716988321981780973e+04
2.716186908497391778e+04
2.715819142438677227e+04
2.715092131465768762e+04
2.714680794253515342e+04
2.712327333073095360e+04
2.710346948109482037e+04
2.708969702939469789e+04
2.708035746411557193e+04
2.706652006943668312e+04
2.705163128909587613e+04
2.703682800530138775e+04
2.702546723393189677e+04
2.701763383908666947e+04
2.700714405573760450e+04
2.698491249787951892e+04
2.697107913983135950e+04
2.695723743759349600e+04
2.695404330939863939e+04
2.692812703433010392e+04
2.691427368631882200e+04
2.689860511318187491e+04
2.688302428045162014e+04
2.686420020915685018e+04
2.684549076371596675e+04
2.683541482097908010e+04
2.680950970192923342e+04
2.678383158195976648e+04
2.678005665745399529e+04
2.677118331378359653e+04
2.676072781966584807e+04
2.674727668733492101e+04
2.673169270977727501e+04
2.671625789576049283e+04
2.670073627054019744e+04
2.668537620017827430e+04
2.667914668687227459e+04
2.667076905256665123e+04
2.666365839271399091e+04
2.664847557280535329e+04
2.663325255961433504e+04
2.661820737150832792e+04
2.660326122557917188e+04
2.658833885989306145e+04
2.657650096448690601e+04
2.657353386332756418e+04
2.656965460355630421e+04
2.654788910853478592e+04
2.653129698605992235e+04
2.651479754288406912e+04
2.649837968466056918e+04
2.648205435090554602e+04
2.646757000108144712e+04
2.645314829224046844e+04
2.643202788767716629e+04
2.642424105578980016e+04
2.641438038682527258e+04
2.640017248739125716e+04
2.638552969601071163e+04
2.637051358796228669e+04
2.635517375624756824e+04
2.634051530305094639e+04
2.632591159673438960e+04
2.631258054903253651e+04
2.629930169651415054e+04
2.628603792840352253e+04
2.627281137341676367e+04
2.625962069524753679e+04
2.624644617018244753e+04
2.623331877700546102e+04
2.622018956236221857e+04
2.621090856091458772e+04
2.619079975695795292e+04
2.617076605043729796e+04
2.615464820204603893e+04
2.613676027791351225e+04
2.611894269981943580e+04
2.609977238071765169e+04
2.609649568444253600e+04
2.607447794615465682e+04
2.606546268772121039e+04
2.605520612527969206e+04
