6.090336019691473091e+00
6.090373583761548026e+00
6.090410155835895623e+00
6.090447627660569019e+00
6.090485326252513154e+00
6.090523529101241174e+00
6.090562267693175436e+00
6.090601303751875584e+00
6.090640894286964979e+00
6.090680871524220663e+00
6.090721213635454490e+00
6.090762010254311853e+00
6.090803151884910172e+00
6.090844783197805867e+00
6.090886687449652115e+00
6.090928936421341255e+00
6.090971566402499704e+00
6.091014381642122721e+00
6.091057661173393534e+00
6.091101022208485816e+00
6.091149453686274029e+00
