3.450227132332988276e+03
3.445258781936574451e+03
3.440926862231688119e+03
3.437495758129048681e+03
3.434452931042811997e+03
3.430553308929258947e+03
3.426689270200753072e+03
3.422185614069763687e+03
3.417822478866021811e+03
3.415172816869257076e+03
3.410825407094143429e+03
3.408193450123104867e+03
3.405136260400308856e+03
3.402297557637279624e+03
3.398254451341965705e+03
3.392610226186336149e+03
3.389553509582458901e+03
3.387116439557245485e+03
3.384556175861860993e+03
3.381260245993050376e+03
3.378534991692998574e+03
3.376118762798983425e+03
3.371557561242844258e+03
3.369098881513091783e+03
3.364588595399286987e+03
