2.627896905447682366e+04
2.627342492088012659e+04
2.626724399480707871e+04
2.625565917527165220e+04
2.625188394925337707e+04
2.624461381657688253e+04
2.623994472263298667e+04
2.623605911961756647e+04
2.623014458076010487e+04
2.622478671035638763e+04
2.621522343750135042e+04
2.620571916885794781e+04
2.619275799506697513e+04
2.617885523299726265e+04
2.617531621976708993e+04
2.616768905471360995e+04
2.616418431867938125e+04
2.615724283979691245e+04
2.615330712673508970e+04
2.613068060878483811e+04
2.611151643121761299e+04
2.609816336431487798e+04
2.608910087390693297e+04
2.607565922526534632e+04
2.606118551516297521e+04
2.604678482232825627e+04
2.603572485350965144e+04
2.602809647698387926e+04
2.601787498967870124e+04
2.599616449649436981e+04
2.598262995314749423e+04
2.596907146669935537e+04
2.596594017955282470e+04
2.594050227589716451e+04
2.592688501037064270e+04
2.591147469044756144e+04
2.589614350336267671e+04
2.587761176890405477e+04
2.585918383213725247e+04
2.584925602889890797e+04
2.582372078924015659e+04
2.579839861927383754e+04
2.579467553489142665e+04
2.578592328981389073e+04
2.577560943296683399e+04
2.576233948328724728e+04
2.574696354553348647e+04
2.573173367748040255e+04
2.571641775026859250e+04
2.570126117999460621e+04
2.569511441285830006e+04
2.568684829952292421e+04
2.567983256383080879e+04
2.566485367447082535e+04
2.564983718194001267e+04
2.563499853926192736e+04
2.562026040772681881e+04
2.560554915227457241e+04
2.559388142579559644e+04
2.559095735979748497e+04
2.558713462355169395e+04
2.556569264083143207e+04
2.554935410790974856e+04
2.553311353235652132e+04
2.551696033937645188e+04
2.550090566473396757e+04
2.548666807723722013e+04
2.547249866160283636e+04
2.545176115771636250e+04
2.544411872112934361e+04
2.543444356810082172e+04
2.542050772158591644e+04
2.540615017348320907e+04
2.539143142790136335e+04
2.537639958784508417e+04
2.536204051841495675e+04
2.534774024544134954e+04
2.533469054207578301e+04
2.532169598495617902e+04
2.530871995897906163e+04
2.529578422910827794e+04
2.528288711616180080e+04
2.527000933659162183e+04
2.525718123400479089e+04
2.524435446077918095e+04
2.523528899208457005e+04
2.521565142574642232e+04
2.519609326918143415e+04
2.518036218343214932e+04
2.516290721331603709e+04
2.514552461484233572e+04
2.512682624185524764e+04
2.512363050571494750e+04
2.510215906877092857e+04
2.509336847861434580e+04
2.508336847810029212e+04
