7.561028438441571780e+03
7.559356673882745781e+03
7.557488595279437504e+03
7.553987656443349806e+03
7.552850578803402641e+03
7.550656953535648427e+03
7.549244216504800534e+03
7.548069349311626866e+03
7.546288782229504250e+03
7.544686558578695440e+03
7.541855113004359737e+03
7.539068602810255470e+03
7.535105220908239062e+03
7.530614524293135219e+03
7.529470813754995106e+03
7.527009627087551053e+03
7.525868712773429252e+03
7.523565229445347541e+03
7.522227493201391553e+03
7.514009303196591645e+03
7.506430751881075594e+03
7.501086173234544731e+03
7.497463713533816190e+03
7.492078808972482875e+03
7.486293938083942521e+03
7.480560554094923646e+03
7.476168416563634310e+03
7.473149551308124501e+03
7.469106654717710626e+03
7.460413166374196408e+03
7.454938478384135124e+03
7.449454342710411765e+03
7.448185083373128691e+03
7.437805688043327791e+03
7.432236911528024393e+03
7.425950120657023035e+03
7.419726679843248348e+03
7.412238584394595819e+03
7.404833916367529127e+03
7.400865828232450440e+03
7.390722316370797671e+03
7.380752541659579038e+03
7.379292869934218288e+03
7.375869698952301405e+03
7.371850924632572969e+03
7.366703683685735086e+03
7.360773664116856708e+03
7.354936511650434113e+03
7.349105965059728078e+03
7.343371917808462968e+03
7.341057524658715010e+03
7.337955838097948799e+03
7.335332086472799347e+03
7.329757545490409939e+03
7.324211973511574797e+03
7.318768655363555808e+03
7.313403872868216240e+03
7.308087212480277230e+03
7.303898129453358706e+03
7.302852814106159713e+03
7.301488741478080556e+03
7.293878699583788148e+03
7.288136786998642492e+03
7.282480625577296451e+03
7.276907108287941810e+03
7.271418791665065328e+03
7.266595255594026639e+03
7.261833748972994727e+03
7.254876625799100111e+03
7.252303469467557989e+03
7.249051740054848779e+03
7.244353500511589118e+03
7.239406890900416329e+03
7.234223428036381847e+03
7.228867138407476887e+03
7.223753155964525831e+03
7.218688860478277093e+03
7.214074574361778105e+03
7.209502373331199124e+03
7.204950701694583586e+03
7.200424596320083765e+03
7.195935479387344458e+03
7.191458939482544338e+03
7.187021578482746008e+03
7.182589729147655817e+03
7.179439835500108529e+03
7.172659196580045318e+03
7.165939463875026377e+03
7.160547863469988442e+03
7.154586794051971083e+03
7.148674121402563287e+03
7.142333334969790485e+03
7.141245854178560876e+03
7.134016378565540435e+03
7.131080392724679768e+03
7.127755945787915152e+03
