1.517420262014482724e+01
1.516976710341486445e+01
1.516573853108293335e+01
1.516243803656602473e+01
1.515942793085628182e+01
1.515545326282848748e+01
1.515138191343592844e+01
1.514646465641085094e+01
1.514151872260384657e+01
1.513842514051782118e+01
1.513319774858996247e+01
1.512993918230597856e+01
1.512606290994853531e+01
1.512237385158378622e+01
1.511696622049000460e+01
1.510910503909722102e+01
1.510469033523588145e+01
1.510108876292849267e+01
1.509722508347338099e+01
1.509212741299890048e+01
1.508780434181307051e+01
1.508388751749178525e+01
1.507627178184850258e+01
1.507204257060364050e+01
1.506404976418438402e+01
