1.591827895889748561e+03
1.589543939530654825e+03
1.586933059381974999e+03
1.584752057657165096e+03
1.581952171882728408e+03
1.580306810708338844e+03
1.578767223627667363e+03
1.576471263199989835e+03
1.575056520855517419e+03
1.572972690155767168e+03
1.571615957319685549e+03
1.570210910462985112e+03
1.568996121349393434e+03
1.566427196163412191e+03
1.565043701660053557e+03
1.563771915433103914e+03
1.562717832376966498e+03
1.561747787685567118e+03
1.560880255389900412e+03
1.559865543711466216e+03
1.559130057433583488e+03
1.558431528234914140e+03
1.557665641400027425e+03
1.556923449232824623e+03
1.556273351975881042e+03
1.555683796444357768e+03
1.555030739685317712e+03
1.554581113667338514e+03
