1.586914704958458699e+01
1.590975088489765454e+01
1.593247643152317394e+01
1.595963989653432336e+01
1.598856884209337359e+01
1.600720803972260242e+01
1.602972576085856460e+01
1.606851295690967873e+01
1.609141037167028543e+01
1.611144054080521215e+01
1.613390951882066560e+01
1.615629723611551327e+01
1.617357373252713160e+01
1.619165962375863188e+01
1.621724079637078120e+01
1.623503435405656603e+01
1.625297081256244525e+01
1.627113772822509929e+01
1.628978913716603216e+01
1.631040240563561738e+01
1.633334513368458829e+01
1.634950344130701438e+01
1.637069688979070392e+01
1.639168756302445829e+01
1.641555280252602955e+01
1.644729976626247847e+01
1.646818183158218218e+01
1.650088458907000799e+01
