1.308894085385485414e+04
1.309043117065853767e+04
1.309207766458600599e+04
1.309340132129474841e+04
1.309502289789091810e+04
1.309593032449884777e+04
1.309674548170860362e+04
1.309789332954154452e+04
1.309855556913254077e+04
1.309945976523929676e+04
1.309999711737485995e+04
1.310050511943042511e+04
1.310089976872709485e+04
1.310157361747438154e+04
1.310182788090288341e+04
1.310197912266632193e+04
1.310203358519289213e+04
1.310201657256581893e+04
1.310193710322317202e+04
1.310175167265463097e+04
1.310154192594675806e+04
1.310127105434516307e+04
1.310087513878667050e+04
1.310036537467714697e+04
1.309978346977924411e+04
1.309910559819756236e+04
1.309810868103003122e+04
1.309718534934490708e+04
