1.063058919864208747e+03
1.063422439713505582e+03
1.063894341485819041e+03
1.064247528763650962e+03
1.064557342394491343e+03
1.064890742251324809e+03
1.065193184137758180e+03
1.065447284756627823e+03
1.065735481233036808e+03
1.066039631654561845e+03
1.066307259706239847e+03
1.066769803522814527e+03
1.067014252755739108e+03
1.067257847637303030e+03
1.067539920997363424e+03
1.067754666720926934e+03
1.068107393557530258e+03
1.068312568998613870e+03
1.068565086233165175e+03
1.068749241294437070e+03
