1.599812476804261863e+01
1.594271933472684211e+01
1.588110703778282584e+01
1.583120001467628590e+01
1.576947464495354723e+01
1.573457400865110856e+01
1.570294064962273062e+01
1.565781104254739375e+01
1.563136169408741516e+01
1.559455247281607981e+01
1.557213581440932160e+01
1.555038347493826834e+01
1.553292092240810618e+01
1.550084089472222182e+01
1.548684130960515937e+01
1.547646049838977689e+01
1.546999509070807122e+01
1.546607024869079083e+01
1.546449844695860953e+01
1.546544965941189531e+01
1.546841185982953348e+01
1.547338700430268865e+01
1.548182599399853032e+01
1.549380768592418889e+01
1.550838688184924052e+01
1.552613794302846095e+01
1.555322264641106322e+01
1.557901832029232025e+01
