2.113772433431344666e+02
2.111653669983488442e+02
2.109851467816514514e+02
2.109254384339957653e+02
2.109298780854298059e+02
2.109979080874264525e+02
2.111200706256763056e+02
2.112700201800329296e+02
2.114957113932121047e+02
2.118023007988956863e+02
2.121342999780225682e+02
2.128579850047144930e+02
2.133240966118424069e+02
2.138514833439848246e+02
2.145469144744604648e+02
2.151422556627158258e+02
2.162560777466590309e+02
2.169891721760374139e+02
2.179866793075406122e+02
2.187863929996775596e+02
