2.038806956200682907e+04
2.036383976301997609e+04
2.033680750333231117e+04
2.028669371380201119e+04
2.027043346587484120e+04
2.023963373735737332e+04
2.022020811681079067e+04
2.020417735211273612e+04
2.017995702174648977e+04
2.015826597395267163e+04
2.012033369184343974e+04
2.008336466022367313e+04
2.003283443568308940e+04
1.997828925183038155e+04
1.996450876325789432e+04
1.993493286620486833e+04
1.992132581897971249e+04
1.989419030351787660e+04
1.987865588712120734e+04
1.978624718887357812e+04
1.970384313432376075e+04
1.964602671267630285e+04
1.960678415395812408e+04
1.954843115664869038e+04
1.948564415566947719e+04
1.942318515401969489e+04
1.937520016261690398e+04
1.934213181105651893e+04
1.929769161927372988e+04
1.920153793292470436e+04
1.914051536950766240e+04
1.907886316762806018e+04
1.906451782172746607e+04
1.894615682724556245e+04
1.888180365848845759e+04
1.880852508324023074e+04
1.873535585859520870e+04
1.864637375432303088e+04
1.855738698119569744e+04
1.850923769865780559e+04
1.838487538833536019e+04
1.826055032668550120e+04
1.824214793680941875e+04
1.819881584201465012e+04
1.814761746744712218e+04
1.808148200402273142e+04
1.800454847068086019e+04
1.792801040991621630e+04
1.785071671253269960e+04
1.777392473849833914e+04
1.774268955728793662e+04
1.770061571752338932e+04
1.766484595828987949e+04
1.758826698106211916e+04
1.751125334728538292e+04
1.743493271413476032e+04
1.735892077039998912e+04
1.728288010761052647e+04
1.722244734014800997e+04
1.720728835663210339e+04
1.718746319261216195e+04
1.707610250975702729e+04
1.699109899373779626e+04
1.690654808440857596e+04
1.682239033786343862e+04
1.673876265123417397e+04
1.666459661808528836e+04
1.659082821896435416e+04
1.648126802832021713e+04
1.644012264573714492e+04
1.638778865348068939e+04
1.631127952201576591e+04
1.622976345788036451e+04
1.614349790019609100e+04
1.605301992746274664e+04
1.596587210235660496e+04
1.587896115160372392e+04
1.579915392483556752e+04
1.571962706176872962e+04
1.563989169512033186e+04
1.556009632330632849e+04
1.548048822316186670e+04
1.540054780605256383e+04
1.532089232461140818e+04
1.524075158046339857e+04
1.518329852032956296e+04
1.505879041964571843e+04
1.493430700244196487e+04
1.483356042262184928e+04
1.472136448915664005e+04
1.460920527680840132e+04
1.448787212731178442e+04
1.446687748423902121e+04
1.432749188278935253e+04
1.427079769435613161e+04
1.420671005983058240e+04
