1.604606871360065497e+03
1.606767277701660760e+03
1.609555954858632049e+03
1.611630533793389759e+03
1.613440847455237190e+03
1.615378411596483147e+03
1.617125961470915172e+03
1.618586283068032799e+03
1.620233260086934706e+03
1.621959979991436967e+03
1.623468957742741168e+03
1.626051890654214958e+03
1.627402963663656919e+03
1.628738803478588352e+03
1.630271494254511481e+03
1.631427337519757884e+03
1.633303129855941279e+03
1.634380010461772372e+03
1.635689450694767402e+03
1.636632321993958840e+03
