2.455334824319563225e+01
2.455124426844470875e+01
2.454968390512496867e+01
2.454863443700881831e+01
2.454784501648670059e+01
2.454703218278061883e+01
2.454645278384620610e+01
2.454606983688356792e+01
2.454600841794345101e+01
2.454612411458398924e+01
2.454657170797877086e+01
2.454700225089229448e+01
2.454765745660333209e+01
2.454841851644428274e+01
2.454976322974368586e+01
2.455217098150302135e+01
2.455374245368045294e+01
2.455513442710281424e+01
2.455673284839143022e+01
2.455900102568674725e+01
2.456106014846798757e+01
2.456302851518800878e+01
2.456712134833875183e+01
2.456953837638888416e+01
2.457437107603696447e+01
