1.511812698534402344e+01
1.511801842538144314e+01
1.511759612935826347e+01
1.511705700981914724e+01
1.511641551415601192e+01
1.511553749803455560e+01
1.511456164398692792e+01
1.511360137921847802e+01
1.511234722426344312e+01
1.511082067157538056e+01
1.510929279245156387e+01
1.510620739646401844e+01
1.510432858548161938e+01
1.510226969088732396e+01
1.509963413605694171e+01
1.509743211414900443e+01
1.509341181475282845e+01
1.509082045890886903e+01
1.508734852224139544e+01
1.508460212360353481e+01
