number of days,date,bays opened,total opened,discharge
1,2011-05-14,2,2,21000
2,2011-05-15,7,9,96000
3,2011-05-16,6,15,158000
4,2011-05-17,1,16,170000
5,2011-05-18,1,17,182000
6,2011-05-19,0,17,179000
7,2011-05-20,0,17,179000
8,2011-05-21,0,17,178000
9,2011-05-22,0,17,175000
10,2011-05-23,0,17,173000
11,2011-05-24,-1,16,160000
12,2011-05-25,-2,14,140000
13,2011-05-26,-2,12,121000
14,2011-05-27,0,12,120000
15,2011-05-28,0,12,119000
16,2011-05-29,-1,11,109000
17,2011-05-30,-1,10,98000
18,2011-05-31,0,10,97000
19,2011-06-01,-1,9,86000
20,2011-06-02,-1,8,76000
21,2011-06-03,-1,7,65000
22,2011-06-04,0,7,64000
23,2011-06-05,0,7,61000
24,2011-06-06,-2,5,41000
25,2011-06-07,-2,3,24000
26,2011-06-08,-1,2,15400
27,2011-06-09,-1,1,7400
28,2011-06-10,0,1,7300
29,2011-06-11,0,1,7048
30,2011-06-12,0,1,6736
31,2011-06-13,0,1,6428
32,2011-06-14,0,1,6125
33,2011-06-15,0,1,5708
34,2011-06-16,0,1,5301
35,2011-06-17,0,1,4960
36,2011-06-18,0,1,4571
37,2011-06-19,0,1,4086
38,2011-06-20,0,1,3620
39,2011-06-21,0,1,3270
40,2011-06-22,0,1,2931
41,2011-06-23,0,1,2514
42,2011-06-24,0,1,2119
43,2011-06-25,0,1,1827
44,2011-06-26,0,1,1549
45,2011-06-27,0,1,1360
46,2011-06-28,0,1,1145
47,2011-06-29,0,1,1108
48,2011-06-30,3,4,3317
49,2011-07-01,2,6,3219
50,2011-07-02,0,6,2360
51,2011-07-03,0,6,1408
52,2011-07-04,0,6,943
53,2011-07-05,0,6,1275
54,2011-07-06,0,6,1015
55,2011-07-07,-6,0,720
