1.766989562002257586e+01
1.781769017216026896e+01
1.785268376386004974e+01
1.769991244652575801e+01
1.763733932163638585e+01
1.755994375560479881e+01
1.755222508744968479e+01
1.757045174933976739e+01
1.763007090456834547e+01
1.769873998974438578e+01
1.779836655055428096e+01
1.782475026809798280e+01
1.778319049832674636e+01
1.775055498800479725e+01
1.775143840203613266e+01
1.776683230660522383e+01
1.777890491798599015e+01
1.780811201700472068e+01
1.782589728446270527e+01
1.790272410642796785e+01
1.791795518837766110e+01
1.792314940894852171e+01
1.793583464462361121e+01
1.797475685393877498e+01
1.803234304515134312e+01
1.807774360425993976e+01
1.809271498822057822e+01
1.809507042214087491e+01
1.809700435194801216e+01
1.813975562975079470e+01
1.819288380138157635e+01
1.823760136605734417e+01
1.824405022669855825e+01
1.824673194279445809e+01
1.825032590119213793e+01
1.829280368587622618e+01
1.836285375914338402e+01
1.842752770839570431e+01
1.844955129005145267e+01
1.846280145161429687e+01
1.856925035094134202e+01
1.869456972297128061e+01
1.870366663154432629e+01
1.871436986977669292e+01
1.871525594364883105e+01
1.872073131258706269e+01
1.875939390672502682e+01
1.882271729747518307e+01
1.887430892500049850e+01
1.889578400255612323e+01
1.889974762037046574e+01
1.890614162286511402e+01
1.891546577159503428e+01
1.895172956901773276e+01
1.900168227436681079e+01
1.904819782255453831e+01
1.908543514969508337e+01
1.911561695862072341e+01
1.913554729435300672e+01
1.914012013424461145e+01
1.914600772613440682e+01
1.918834874780943522e+01
1.924890307935298495e+01
1.932624565291004615e+01
1.938648666509714147e+01
1.942130410901535953e+01
1.945997400411448552e+01
1.952679296029922540e+01
1.962871952055447977e+01
1.964895927718377777e+01
1.966036697943798472e+01
1.967028092875773737e+01
1.970517214524345562e+01
1.976914400662172255e+01
1.982820782305700291e+01
1.985240684522501553e+01
1.985573330150086591e+01
1.987073785202301224e+01
1.991326536951223147e+01
1.996962328058562974e+01
2.001042384783662698e+01
2.002066416661457637e+01
2.001618720764485104e+01
2.002892308678522681e+01
2.007498668184062041e+01
2.011959792876832154e+01
2.019097724626651313e+01
2.020144108028196328e+01
2.023220684437225714e+01
2.034126939026838343e+01
2.045997625032092770e+01
2.048807793902575725e+01
2.048280840018980697e+01
2.047292267137462218e+01
2.052620569004698936e+01
2.064838811958776077e+01
