2.134424499359832043e+04
2.132083414970161903e+04
2.129970743538564420e+04
2.128248788460951255e+04
2.126684855368478020e+04
2.124628695404251994e+04
2.122532362025978364e+04
2.120012786173577842e+04
2.117491100179276327e+04
2.115919826259488036e+04
2.113274558465360315e+04
2.111631484112237740e+04
2.109682502259366083e+04
2.107832995414319157e+04
2.105130788131744339e+04
2.101220138937089723e+04
2.099032510173364426e+04
2.097252087731804204e+04
2.095346180428528533e+04
2.092837749514919415e+04
2.090715749084582421e+04
2.088797150245692319e+04
2.085077017567956864e+04
2.083016737136096708e+04
2.079133293334938207e+04
