6.406053559071384370e+03
6.410534911757992631e+03
6.415574002422796184e+03
6.424965200934739187e+03
6.428033957127898248e+03
6.433847942781811071e+03
6.437520505807768131e+03
6.440561747555639158e+03
6.445175924058379678e+03
6.449317380847659479e+03
6.456549782094378315e+03
6.463624685436184336e+03
6.473652653033387651e+03
6.484942760832024760e+03
6.487814715893747234e+03
6.493984975143637712e+03
6.496839140006828529e+03
6.502591224565902849e+03
6.505927071258131946e+03
6.526405927856136259e+03
6.545300847175085437e+03
6.558569335323171799e+03
6.567533182917285558e+03
6.580829314800020256e+03
6.595072897928844213e+03
6.609164148876361651e+03
6.619942005345273174e+03
6.627337651251279567e+03
6.637227069612652485e+03
6.658382849664831156e+03
6.671609137330292469e+03
6.684823338132809113e+03
6.687875115073032248e+03
6.712674027841650059e+03
6.725897804197335063e+03
6.740786540559265632e+03
6.755494397899472460e+03
6.773148416735359206e+03
6.790559116611966601e+03
6.799873824058775426e+03
6.823621809740620847e+03
6.846888119452380124e+03
6.850289373359389174e+03
6.858259154755405689e+03
6.867604008808937579e+03
6.879557512855068126e+03
6.893302924343493032e+03
6.906808620199517463e+03
6.920275488075585599e+03
6.933492230071234189e+03
6.938821866982197207e+03
6.945958365171190053e+03
6.951988242364073812e+03
6.964786215621022166e+03
6.977500456617028249e+03
6.989951477626598717e+03
7.002209777740655227e+03
7.014331502462168828e+03
7.023870216024232832e+03
7.026249236566776744e+03
7.029352381624952613e+03
7.046635381115645032e+03
7.059649704335204660e+03
7.072444401082017976e+03
7.085032040224782577e+03
7.097402678680572535e+03
7.108261073874393333e+03
7.118961180874498496e+03
7.134478921250283747e+03
7.140146291347301485e+03
7.147293250905749119e+03
7.157568513612393872e+03
7.168277591608543844e+03
7.179444413260800502e+03
7.190880703500164600e+03
7.201756857953670078e+03
7.212514140178368507e+03
7.222279740710021542e+03
7.231951322502356561e+03
7.241554644395514515e+03
7.251083537308768427e+03
7.260527721132172701e+03
7.269917964744485289e+03
7.279221142223617790e+03
7.288487726939236381e+03
7.295040835538015926e+03
7.309134247814933588e+03
7.323079301353011942e+03
7.334245947037834412e+03
7.346577588148685209e+03
7.358789792049123207e+03
7.371887284442986129e+03
7.374139910962209797e+03
7.388935328769281114e+03
7.394891680110848938e+03
7.401558772741828761e+03
