4.356134285226324209e+03
4.314712118035671665e+03
4.279209311373838318e+03
4.251506377368138601e+03
4.227254546663292786e+03
4.196618899891200272e+03
4.166768521466425227e+03
4.132631153392388114e+03
4.100251618903695999e+03
4.080930380082053034e+03
4.049805985451763718e+03
4.031320061199827251e+03
4.010194500836429597e+03
3.990920338500708112e+03
3.964051984147535677e+03
3.927730486408018805e+03
3.908658602949530177e+03
3.893764064896037780e+03
3.878421101779309993e+03
3.859140416420601923e+03
3.843609064994443088e+03
3.830158237699636629e+03
3.805610354832901976e+03
3.792849726795714560e+03
3.770333571336009754e+03
