1.640447954414424814e+01
1.639393356813689806e+01
1.638563072244264518e+01
1.637966125918790894e+01
1.637482722481605180e+01
1.636927937699496383e+01
1.636451786636469663e+01
1.635991984573171365e+01
1.635647300732392750e+01
1.635487781528021500e+01
1.635309957316347607e+01
1.635254241762751093e+01
1.635240012014093480e+01
1.635276498143100454e+01
1.635413342160509131e+01
1.635777067072499591e+01
1.636061127851414909e+01
1.636332871929748833e+01
1.636662649475670506e+01
1.637155694298581921e+01
1.637623157406725127e+01
1.638084075102374015e+01
1.639076908823814449e+01
1.639680711911204014e+01
1.640918169714755592e+01
