1.848305627506575277e+01
1.854124121920647994e+01
1.859195281931426891e+01
1.863210540364156032e+01
1.866770384246368408e+01
1.871331150885935202e+01
1.875848649805240953e+01
1.881111797644493322e+01
1.886208465171455728e+01
1.889302471645015657e+01
1.894377052256462335e+01
1.897448078375462543e+01
1.901014142230711101e+01
1.904324235996360670e+01
1.909036829553075876e+01
1.915611790533219505e+01
1.919170606637769083e+01
1.922006976220074037e+01
1.924985729667248791e+01
1.928818860263825741e+01
1.931986959302732387e+01
1.934794774377133919e+01
1.940092431847973486e+01
1.942946551879796502e+01
1.948179333012554437e+01
