1.166450536443979399e+04
1.159803172626766900e+04
1.154024855898693204e+04
1.149460059879449727e+04
1.145420874855782677e+04
1.140257067658998858e+04
1.135154842426499999e+04
1.129226750227449702e+04
1.123503433833083000e+04
1.120037545953678818e+04
1.114367415343411085e+04
1.110944883307663076e+04
1.106979314208261894e+04
1.103306920968565646e+04
1.098093092118018467e+04
1.090848472397573642e+04
1.086942156304685523e+04
1.083836613412678889e+04
1.080582793744554510e+04
1.076407489440050995e+04
1.072966873718250827e+04
1.069925534279047133e+04
1.064208418772784535e+04
1.061140143244237697e+04
1.055537114721449143e+04
