1.898127310188457884e+01
1.907094644345399459e+01
1.912150897488752577e+01
1.918230741703889208e+01
1.924750216478031462e+01
1.928975690946584365e+01
1.934107089321646811e+01
1.943016370040878016e+01
1.948318871654853268e+01
1.952984371959228582e+01
1.958248623173015091e+01
1.963526904751634561e+01
1.967623230585721572e+01
1.971933509976805965e+01
1.978069511663643354e+01
1.982365456118467861e+01
1.986719656010385648e+01
1.991154653584150225e+01
1.995734546589666536e+01
2.000828320252327686e+01
2.006538486996273463e+01
2.010586541984325848e+01
2.015930060572940974e+01
2.021261543396904869e+01
2.027371864125579393e+01
2.035583482916216624e+01
2.041038609204811038e+01
2.049671211065446741e+01
