1.488916609987157358e+01
1.490140950601263015e+01
1.490942082305056893e+01
1.492012005476420278e+01
1.493289526410469037e+01
1.494189987036404332e+01
1.495360608994154106e+01
1.497595418925811472e+01
1.499048335629594852e+01
1.500403086709112621e+01
1.502018073712801538e+01
1.503729876368610974e+01
1.505122578323155835e+01
1.506648955558063285e+01
1.508930296095077317e+01
1.510603778241018702e+01
1.512364441740641929e+01
1.514224877522069690e+01
1.516217561568634231e+01
1.518519625852622745e+01
1.521208364083670972e+01
1.523184116019745282e+01
1.525881198263358840e+01
1.528673823297712708e+01
1.532000121361033074e+01
1.536683569510506331e+01
1.539931208122285433e+01
1.545295061830104366e+01
