1.752213942316840445e+01
1.754390037871538510e+01
1.756283415169185602e+01
1.757780369732359205e+01
1.759105878320023564e+01
1.760801743552341492e+01
1.762478863185887690e+01
1.764429366482379535e+01
1.766314530613276190e+01
1.767457146262705336e+01
1.769328152314986724e+01
1.770458565105396076e+01
1.771769368539331779e+01
1.772984283601112310e+01
1.774710888466445269e+01
1.777113571612952470e+01
1.778410909743931256e+01
1.779443243504427130e+01
1.780525792124395323e+01
1.781916354229004540e+01
1.783063488469824165e+01
1.784078479670433737e+01
1.785989057420702153e+01
1.787015888143314157e+01
1.788893769433441250e+01
