1.128728403811160388e+04
1.132144312184456066e+04
1.135119819086482312e+04
1.137474646798523281e+04
1.139561532335632364e+04
1.142233984071920167e+04
1.144879713334709959e+04
1.147960369538637133e+04
1.150941703822436466e+04
1.152750638466935561e+04
1.155715967136718064e+04
1.157509551286754868e+04
1.159591312677401038e+04
1.161522719095576031e+04
1.164270885839129551e+04
1.168101874730242344e+04
1.170173839579553533e+04
1.171824345383573200e+04
1.173556877129690110e+04
1.175785058533361189e+04
1.177625541278651144e+04
1.179255849987135116e+04
1.182329543324255064e+04
1.183984213811514564e+04
1.187015474461466329e+04
