6.084498274364732673e+00
6.084912786440868970e+00
6.085331901037084101e+00
6.085757044223272239e+00
6.086187242661474706e+00
6.086622911044761608e+00
6.087064585981641684e+00
6.087510928237905183e+00
6.087962844737062618e+00
6.088420764372699523e+00
6.088883060695105875e+00
6.089351095831017524e+00
6.089825002866406933e+00
6.090302983191251407e+00
6.090786841585885014e+00
6.091276404886040829e+00
6.091769822031567472e+00
6.092269280620212335e+00
6.092774246920043879e+00
6.093282783167738081e+00
6.093797374418515211e+00
6.094317193277937861e+00
6.094840420316653962e+00
6.095369881071333928e+00
6.095904274965849190e+00
6.096441802938815435e+00
6.096985622205703059e+00
6.097533990281241323e+00
6.098085382246487107e+00
6.098643286356041138e+00
6.099205182575531126e+00
6.099769896667257107e+00
6.100341269733956295e+00
6.100915905161556907e+00
6.101493457450452240e+00
6.102077881099559065e+00
6.102664436479962262e+00
6.103254804655368737e+00
6.103851539419690830e+00
6.104446897301436969e+00
6.105085110824485461e+00
