1.410927840516920462e+01
1.412389844856627441e+01
1.414316939667581785e+01
1.415782391365504189e+01
1.417085371538746053e+01
1.418507025483305739e+01
1.419815285527999826e+01
1.420929006993660337e+01
1.422209297884112544e+01
1.423581526849966750e+01
1.424808139678614971e+01
1.426974260257280136e+01
1.428144789912202306e+01
1.429330598758082083e+01
1.430729812583089355e+01
1.431815343445537181e+01
1.433640228008564677e+01
1.434727970059955027e+01
1.436096029201683777e+01
1.437115972993034063e+01
