1.353210411790782608e+01
1.354239295515893460e+01
1.355479134118017903e+01
1.356331122776462195e+01
1.357021081397076934e+01
1.357699663218302710e+01
1.358254163191637254e+01
1.358672233613282643e+01
1.359090208045795656e+01
1.359462211958777011e+01
1.359726679973312713e+01
1.360032330977986703e+01
1.360109350667749872e+01
1.360122549325356545e+01
1.360052222505698083e+01
1.359932101966517415e+01
1.359597445469497146e+01
1.359316701697626151e+01
1.358874938965713852e+01
1.358479773061588425e+01
