6.144100086603076605e+00
6.147093444154005937e+00
6.150087214861536644e+00
6.153068353325521045e+00
6.156020053831821492e+00
6.158925395332953023e+00
6.161766919576122881e+00
6.164527048381353680e+00
6.167189006082471003e+00
6.169736588617690920e+00
6.172154764423420481e+00
6.174430115887141746e+00
6.176550829185861957e+00
6.178507259530895190e+00
6.180291795477669048e+00
6.181899541966175526e+00
6.183328309407762013e+00
6.184578610785326447e+00
6.185654391015805054e+00
6.186562231264772116e+00
6.187316761357803507e+00
