4.521475033692101533e+03
4.546555717733790516e+03
4.576219740681167423e+03
4.601899030361690166e+03
4.636215395316195099e+03
4.657172351389361211e+03
4.677371911538385575e+03
4.708673374572672401e+03
4.728744008899700930e+03
4.759545201311372693e+03
4.780491670794602214e+03
4.803026832470866793e+03
4.823285116699111313e+03
4.868919121496015578e+03
4.895383657715424306e+03
4.921145223690616149e+03
4.943729158280871161e+03
4.965679463531892907e+03
4.986426979427350489e+03
5.012301845418049197e+03
5.032366145135976694e+03
5.052667916168681586e+03
5.076646849740038306e+03
5.102075759683427350e+03
5.126702761595569427e+03
5.151646368942574554e+03
5.183553193785116491e+03
5.209639709200596371e+03
