4.038262000529524443e+01
4.041626956420612515e+01
4.044736212976815182e+01
4.047547325830091580e+01
4.050032348361476409e+01
4.052175330211932192e+01
4.053969729108239051e+01
4.055416380813195332e+01
4.056521862456663996e+01
4.057297165677752560e+01
4.057756630945453935e+01
4.057917059645228619e+01
4.057797008452234877e+01
4.057416194393314868e+01
4.056795003911923203e+01
4.055954092529604083e+01
4.054914046462559440e+01
4.053695106166409801e+01
4.052316932966159868e+01
4.050798426371865446e+01
4.049157568753060588e+01
4.047411302179968828e+01
4.045575440502362596e+01
4.043664595891112157e+01
4.041692134451766094e+01
4.039670148385778958e+01
4.037609444443168627e+01
4.035519553225945089e+01
4.033408743610275593e+01
4.031284059501685846e+01
4.029151359240483288e+01
4.027015370155927343e+01
4.024879750199254147e+01
4.022747156507781341e+01
4.020619326947685579e+01
4.018497159188031276e+01
4.016380802828062002e+01
4.014269761641415357e+01
4.012162976908610545e+01
4.010059015478882571e+01
4.007955297462015665e+01
