1.894422651765993493e+01
1.895565337510145554e+01
1.897050693184019821e+01
1.898163955714501938e+01
1.899141690609816280e+01
1.900195183522227182e+01
1.901152118036733185e+01
1.901957088825199094e+01
1.902871235727696586e+01
1.903837418297928963e+01
1.904688882921575654e+01
1.906163610782468254e+01
1.906944737249309085e+01
1.907724449093603880e+01
1.908629096953580273e+01
1.909319193966056716e+01
1.910455543772446063e+01
1.911118321604505965e+01
1.911936019564912215e+01
1.912533858989953117e+01
