1.266785619335040337e+03
1.265290280948514010e+03
1.264006392320320174e+03
1.263319165377566151e+03
1.263015334727105710e+03
1.263175551158590906e+03
1.263578133816949730e+03
1.264683188392190232e+03
1.265699539453877151e+03
1.267727020641848867e+03
1.269429392944563460e+03
1.271553397477194721e+03
1.273721602009889466e+03
1.279503397400582571e+03
1.283426070249491204e+03
1.287646221979880465e+03
1.291671798346697869e+03
1.295876283921731329e+03
1.300114869872266354e+03
1.305761117849602897e+03
1.310414626600474548e+03
1.315367896732261897e+03
1.321535363926476066e+03
1.328450910155311703e+03
1.335516454054577707e+03
1.343042038063782229e+03
1.353210090881462747e+03
1.361975076583403506e+03
