5.437057099260111499e+03
5.435967903097364797e+03
5.434580153217701081e+03
5.433291731774488653e+03
5.431443794509928011e+03
5.430244277452567985e+03
5.429037165982192164e+03
5.427067822398420503e+03
5.425741883545644669e+03
5.423611018094629799e+03
5.422095485901107168e+03
5.420404955353024889e+03
5.418832099202772952e+03
5.415104778597160475e+03
5.412826248903911619e+03
5.410525780618948374e+03
5.408442149316468203e+03
5.406357061290467755e+03
5.404331929079567999e+03
5.401732381342644658e+03
5.399660100070495901e+03
5.397513059412741313e+03
5.394912049452545943e+03
5.392076744795676859e+03
5.389255286528803481e+03
5.386321759027679036e+03
5.382458116224033802e+03
5.379206521065683773e+03
