7.512373180561728077e+03
7.511063149668856568e+03
7.509629300184489693e+03
7.507002744954816990e+03
7.506168362469487874e+03
7.504598150974825330e+03
7.503619151089586921e+03
7.502824735685610904e+03
7.501654411458127470e+03
7.500635117540386091e+03
7.498900144305416688e+03
7.497300134805774178e+03
7.495482925970025462e+03
7.493895077638177099e+03
7.493516863831128830e+03
7.492749184020743996e+03
7.492430438898233660e+03
7.491884176082489830e+03
7.491629767821398673e+03
7.491077298341324422e+03
7.491683091575372600e+03
7.492360713706097158e+03
7.492921821734641526e+03
7.493913802593964647e+03
7.495123553530791469e+03
7.496467583555506280e+03
7.497596781525054212e+03
7.498416303801525828e+03
7.499596722006405798e+03
7.502653107125882343e+03
7.504920199182980468e+03
7.507410260286295852e+03
7.508020332112375399e+03
7.513542806432647012e+03
7.516839684670958377e+03
7.520728302358829751e+03
7.524733698778492908e+03
7.529768186934858932e+03
7.534970072177777183e+03
7.537853889254257410e+03
7.545504578214131470e+03
7.553432079334727860e+03
7.554627670152685823e+03
7.557464650653928402e+03
7.560855591551773614e+03
7.565295867071929024e+03
7.570541607959796238e+03
7.575844325660404138e+03
7.581279271399888785e+03
7.586754263005743269e+03
7.589002177376638429e+03
7.592048266706257891e+03
7.594653882371917462e+03
7.600281297910794819e+03
7.606005130483948960e+03
7.611737881882309921e+03
7.617504100186251890e+03
7.623325592334655084e+03
7.627990000541125482e+03
7.629164809324408452e+03
7.630704111473259218e+03
7.639421695481077222e+03
7.646145837524680246e+03
7.652887657368756663e+03
7.659651003737375504e+03
7.666419135585719232e+03
7.672464483125698280e+03
7.678515908472853880e+03
7.687660900148343899e+03
7.691114358378456927e+03
7.695519934942270993e+03
7.702015533058110123e+03
7.709079794776451308e+03
7.716731531703165274e+03
7.724790992591080794e+03
7.732548979944477651e+03
7.740283717073831212e+03
7.747369841984873347e+03
7.754430567088989847e+03
7.761494131129729794e+03
7.768551494481565896e+03
7.775584999082218019e+03
7.782625389528998312e+03
7.789633654686216687e+03
7.796657596108073449e+03
7.801662104110011569e+03
7.812478200965141696e+03
7.823243969383013791e+03
7.831910680023222085e+03
7.841515488331167944e+03
7.851061960258354702e+03
7.861332618360360357e+03
7.863103849581460054e+03
7.874721468530918173e+03
7.879394234266105741e+03
7.884618587244974151e+03
