2.803229059421626152e+04
2.802874916377319460e+04
2.802483718577601394e+04
2.801754350281093502e+04
2.801519307917481638e+04
2.801060562590734844e+04
2.800761122932893704e+04
2.800510932717760443e+04
2.800130325770395211e+04
2.799784805298651918e+04
2.799164701423591396e+04
2.798543039836149910e+04
2.797607061853951382e+04
2.796491780990455663e+04
2.796204814663346770e+04
2.795582012135722471e+04
2.795289267788186407e+04
2.794688214144097219e+04
2.794332918166110539e+04
2.792055883086000904e+04
2.789857132890431603e+04
2.788283309953285789e+04
2.787206794484794955e+04
2.785591987338178296e+04
2.783843093973461146e+04
2.782095699306910319e+04
2.780747692333342275e+04
2.779816844580038378e+04
2.778562863238752470e+04
2.775824708048257889e+04
2.774072354751260355e+04
2.772299153566181849e+04
2.771886088118149564e+04
2.768465749970210163e+04
2.766603981985489736e+04
2.764487807503937438e+04
2.762379111169910175e+04
2.759823431548476583e+04
2.757276763879535065e+04
2.755903937545088775e+04
2.752369940940600281e+04
2.748861540749022242e+04
2.748344935701712529e+04
2.747130613052287299e+04
2.745699967550953079e+04
2.743859446079185363e+04
2.741728060285647371e+04
2.739618536057581150e+04
2.737499858715481241e+04
2.735405486470924370e+04
2.734557011941529709e+04
2.733417125113988368e+04
2.732450485956488046e+04
2.730389233384285399e+04
2.728328336506146661e+04
2.726295946484887099e+04
2.724283362230920102e+04
2.722279896993094735e+04
2.720694964132149471e+04
2.720298585570379146e+04
2.719780815729204915e+04
2.716881122606618737e+04
2.714681076405275235e+04
2.712503842741765038e+04
2.710348566647063126e+04
2.708216883106378737e+04
2.706335395579609030e+04
2.704470919618462358e+04
2.701726511113514061e+04
2.700706971058334602e+04
2.699415097621654786e+04
2.697541305284270493e+04
2.695558314182048343e+04
2.693476507423245130e+04
2.691333435291830756e+04
2.689289600309136949e+04
2.687269632522328175e+04
2.685436555514310021e+04
2.683626289780705338e+04
2.681832955798653711e+04
2.680056599348992677e+04
2.678302033342876530e+04
2.676561441081900193e+04
2.674841146963092615e+04
2.673134830371341013e+04
2.671932852513548278e+04
2.669358171907354335e+04
2.666819816057099160e+04
2.664792940422604806e+04
2.662559008744738821e+04
2.660349763979862837e+04
2.657985978103815069e+04
2.657581465351755105e+04
2.654894618148501831e+04
2.653804528910132649e+04
2.652571199493045060e+04
