1.409294993576932420e+01
1.409218405867039259e+01
1.409131756978210959e+01
1.409049611333657737e+01
1.408966518556225545e+01
1.408845610729700049e+01
1.408709420136192492e+01
1.408529490017789598e+01
1.408332729836132025e+01
1.408202148546319066e+01
1.407969210759396894e+01
1.407816619972504490e+01
1.407628131099997404e+01
1.407442043801418485e+01
1.407158099295083353e+01
1.406723247553786393e+01
1.406468352231468977e+01
1.406255046358988636e+01
1.406021091978581339e+01
1.405704654628207706e+01
1.405429691109315193e+01
1.405175558502619637e+01
1.404668485652828736e+01
1.404379867921874947e+01
1.403821503638386936e+01
