1.433642667015224248e+01
1.432828654024700832e+01
1.431947531102497884e+01
1.431256221005835449e+01
1.430435907099513138e+01
1.429993183784366728e+01
1.429608260592633862e+01
1.429092834733134332e+01
1.428814185239238732e+01
1.428465346918229528e+01
1.428282621687195508e+01
1.428135309299525879e+01
1.428046473914321091e+01
1.427997568555915286e+01
1.428065157079196545e+01
1.428198609135072239e+01
1.428370507203579542e+01
1.428586742606345439e+01
1.428835680168513633e+01
1.429206806606353375e+01
1.429540947380089655e+01
1.429920257940406536e+01
1.430421673050154219e+01
1.431016597242618538e+01
1.431654760513428748e+01
1.432363317518010248e+01
1.433360908614395868e+01
1.434252616176713779e+01
