6.119892605952849785e+00
6.130242165063072513e+00
6.139754123287234577e+00
6.148429974419387101e+00
6.156269460594629983e+00
6.163274337719890639e+00
6.169446979631235450e+00
6.174790307009110357e+00
6.179308547994982526e+00
6.183006154372816532e+00
6.185888402605217884e+00
6.187961231938741591e+00
6.189230887010921833e+00
6.189704327820130914e+00
6.189388496808784446e+00
6.188290963512383058e+00
6.186419489850403686e+00
6.183781800787685690e+00
6.180386210165201177e+00
6.176240503154439843e+00
6.171356892244338255e+00
