1.340582135083238654e+03
1.339662530522503857e+03
1.338918872065055893e+03
1.337808013025430000e+03
1.336352168920859413e+03
1.335261337837207748e+03
1.333779940635415414e+03
1.330796693276458655e+03
1.328771541570217096e+03
1.326834462580359514e+03
1.324473259031959969e+03
1.321917759613232192e+03
1.319803999572026896e+03
1.317456006505007053e+03
1.313893112648384658e+03
1.311243663747485016e+03
1.308427233519346146e+03
1.305422177484688973e+03
1.302173709161373154e+03
1.298386399558481799e+03
1.293921102326751679e+03
1.290614017522496624e+03
1.286067631439783327e+03
1.281324976867004352e+03
1.275634015220156243e+03
1.267552583395672173e+03
1.261906871525303131e+03
1.252516346960037481e+03
