1.334102364570137524e+03
1.335056552272926865e+03
1.336297485166029446e+03
1.337228031543632596e+03
1.338045653858394644e+03
1.338927028304019359e+03
1.339728001887682240e+03
1.340402077293795401e+03
1.341167926342966211e+03
1.341977800099159140e+03
1.342691906027067262e+03
1.343929670636958917e+03
1.344585807415442105e+03
1.345241148944273391e+03
1.346002026725396945e+03
1.346582861138309227e+03
1.347540138079771168e+03
1.348098999387657841e+03
1.348789079743465436e+03
1.349294060225066005e+03
