8.222091820482506591e+03
8.323681432019535350e+03
8.413127692826523344e+03
8.484565436428287285e+03
8.548367440616430031e+03
8.630765927946486045e+03
8.713129909582279652e+03
8.810055600057870834e+03
8.904939647451376004e+03
8.963046804676981992e+03
9.059203745790040557e+03
9.117924387495348128e+03
9.186624527763962760e+03
9.250899497552356479e+03
9.343272631095414908e+03
9.473910463694148348e+03
9.545508466645378576e+03
9.603033762165425287e+03
9.663898877478442955e+03
9.742920979889498994e+03
9.808843715425398841e+03
9.867744289117334120e+03
9.980129824070147151e+03
1.004137948556350602e+04
1.015500378995451319e+04
