2.005831263233262263e+01
2.007365875897881580e+01
2.008714346762813818e+01
2.009789504050818465e+01
2.010748372424712827e+01
2.011984810459938444e+01
2.013218572782561822e+01
2.014667693605672483e+01
2.016083388186777015e+01
2.016948942727766791e+01
2.018378909265204513e+01
2.019250698702240499e+01
2.020269245164274707e+01
2.021220813480440981e+01
2.022586041970470916e+01
2.024512119013997591e+01
2.025565402384289726e+01
2.026410463402632800e+01
2.027303424135663334e+01
2.028460982564286041e+01
2.029425108921869025e+01
2.030285345084161008e+01
2.031923602383215055e+01
2.032814719859218044e+01
2.034464602973039860e+01
