1.827022067784238146e+01
1.842753570475509051e+01
1.846850157051298069e+01
1.831909934775547555e+01
1.825718774619182838e+01
1.818254970850031782e+01
1.817807079132760961e+01
1.819987699002316006e+01
1.826610875767527276e+01
1.834132954796109161e+01
1.845205742728360931e+01
1.848733303442530840e+01
1.845517016900766905e+01
1.843307961365307079e+01
1.843710951712126800e+01
1.845997175105661370e+01
1.847572924405035621e+01
1.851254294063591743e+01
1.853476470466019776e+01
1.863749263428579894e+01
1.867426751034067323e+01
1.869498280491226794e+01
1.871862906350971301e+01
1.877432842948248037e+01
1.885030116596633931e+01
1.891346043927159215e+01
1.894139260770075595e+01
1.895247567582419279e+01
1.896610145568245187e+01
1.903477165330948395e+01
1.910491545320098083e+01
1.916638506549692877e+01
1.917655956797182881e+01
1.920760536730256973e+01
1.922624601345757966e+01
1.928690165243222765e+01
1.937585991688202469e+01
1.946255225648389242e+01
1.950481173988802652e+01
1.952889028388792525e+01
1.966520045328627475e+01
1.982030798630675861e+01
1.983343043661374239e+01
1.985317698531863684e+01
1.986421054622822879e+01
1.988270807610433977e+01
1.993730218095516804e+01
2.001704811105664561e+01
2.008454932729911491e+01
2.012050743128434505e+01
2.013009447491241133e+01
2.014399466413484774e+01
2.015973965419594194e+01
2.021005670988435554e+01
2.027434397238771169e+01
2.033474622418775724e+01
2.038522071975405225e+01
2.042803004608139972e+01
2.045757327711403661e+01
2.046450689774088261e+01
2.047346052605161759e+01
2.053307271200580786e+01
2.060747916542366198e+01
2.069882838360037880e+01
2.077197754904077698e+01
2.081838123198607704e+01
2.086735677756263385e+01
2.094517411939368756e+01
2.106254996944121771e+01
2.108759780185123844e+01
2.110446003596222653e+01
2.112171674438426550e+01
2.116463612780649228e+01
2.123745383975166234e+01
2.130494354338851437e+01
2.133581117853315234e+01
2.134485807854868611e+01
2.136534828365322625e+01
2.141418119630979433e+01
2.147717041463279486e+01
2.152388492646642959e+01
2.153880348542377021e+01
2.153835151063102771e+01
2.155560490028221565e+01
2.160725135579930978e+01
2.165615960474705659e+01
2.173577098190386536e+01
2.175210701624920517e+01
2.178829712168833410e+01
2.190593590222139042e+01
2.203341342845734374e+01
2.206731090253995831e+01
2.206267231204669699e+01
2.205785568801230667e+01
2.211524386683340992e+01
2.224427110762593784e+01
