9.534096216330690368e+03
9.426214161515596061e+03
9.332059697526985474e+03
9.257422082026299904e+03
9.191183442036452107e+03
9.106226831030797257e+03
9.021969758379893392e+03
8.923667656243649617e+03
8.828329074687859247e+03
8.770380257420561975e+03
8.675214935743910246e+03
8.617547655195519837e+03
8.550511414921082178e+03
8.488214906179331592e+03
8.399399956921777630e+03
8.275235587112365465e+03
8.207902899221282496e+03
8.154173089176147187e+03
8.097681677993544326e+03
8.024887555740394419e+03
7.964635914171268269e+03
7.911168610339611405e+03
7.810110217466983158e+03
7.755564900644656518e+03
7.655371572893038319e+03
