2.192850941700453049e+01
2.193705490296790117e+01
2.193723189104580129e+01
2.193297819453091435e+01
2.192296072482098879e+01
2.191343233396937151e+01
2.189863065685915799e+01
2.186445424029171747e+01
2.183896737235436092e+01
2.181334243809090268e+01
2.178081024148383094e+01
2.174431549434973476e+01
2.171330239120282357e+01
2.167811658722320090e+01
2.162348423817761045e+01
2.158203968501869241e+01
2.153733133905176445e+01
2.148898211988527152e+01
2.143605915108113535e+01
2.137360362406463921e+01
2.129906133086381459e+01
2.124329871575152495e+01
2.116596014658143687e+01
2.108453841142625507e+01
2.098595527154018114e+01
2.084453539648502129e+01
2.074487555637761460e+01
2.057775877044746693e+01
