1.820472830392295549e+01
1.836036287449671178e+01
1.840004234164031871e+01
1.824912591414804552e+01
1.818672645024983581e+01
1.811089064630582968e+01
1.810540972850868968e+01
1.812624392468428525e+01
1.819081205985793659e+01
1.826443113511080085e+01
1.837234469781268231e+01
1.840506733150441221e+01
1.836983188502784614e+01
1.834443988936906678e+01
1.834757118100655049e+01
1.836844490781293615e+01
1.838328823400706824e+01
1.841833849685600555e+01
1.843960248679680802e+01
1.853762494721316045e+01
1.857142440936317485e+01
1.859038167524757768e+01
1.861292188537369796e+01
1.866707574735582753e+01
1.874151221414348711e+01
1.880336615407702894e+01
1.883051046168337450e+01
1.884116694458519348e+01
1.885436433177654436e+01
1.892262002651203545e+01
1.899290315423402475e+01
1.905496697216213775e+01
1.906535536439160339e+01
1.909917680894054470e+01
1.911984771068259548e+01
1.918299852628702595e+01
1.927459965319472346e+01
1.936488383658237922e+01
1.941131110465342502e+01
1.943783613658235865e+01
1.958074730521610007e+01
1.974305288775681078e+01
1.975734039341548964e+01
1.977994840926721665e+01
1.979455305559116240e+01
1.981786336679190796e+01
1.987816965930597846e+01
1.996370327257610100e+01
2.003733652925604503e+01
2.007982839330498948e+01
2.009219410792455918e+01
2.010991704421726922e+01
2.012895965637509477e+01
2.018641593315430782e+01
2.025800965611978555e+01
2.032592789962543023e+01
2.038428071898877292e+01
2.043533014576908613e+01
2.047158081099693305e+01
2.048020979092089888e+01
2.049138733385164102e+01
2.056368805674993538e+01
2.064810830001363584e+01
2.074980025241348969e+01
2.083355622000257057e+01
2.089074387271986311e+01
2.094952153520070226e+01
2.103747316539491408e+01
2.117053927774275479e+01
2.120167017399041498e+01
2.122660724254657083e+01
2.125621031494682001e+01
2.131264779087717187e+01
2.140024858180720813e+01
2.148364018734151060e+01
2.153036396102693928e+01
2.155549437147957548e+01
2.159064848190961428e+01
2.165411842960184785e+01
2.173185879574786128e+01
2.179356397005178891e+01
2.182370630611671558e+01
2.183858891023120918e+01
2.187117725030285698e+01
2.193817599394357032e+01
2.199799734023922326e+01
2.210173105370952129e+01
2.214263577223285040e+01
2.219854177917351734e+01
2.233789596172730185e+01
2.248724138227130709e+01
2.254538013777779781e+01
2.254495561829083172e+01
2.256787690002978408e+01
2.263624560799576102e+01
2.277737393143850042e+01
