1.803394216679679175e+03
1.806331319694519607e+03
1.810141833986233223e+03
1.812991949502974194e+03
1.815490690384823893e+03
1.818178144691269381e+03
1.820614604972709458e+03
1.822660495395930411e+03
1.824979574861458104e+03
1.827425393469602795e+03
1.829576026275773074e+03
1.833289389120544229e+03
1.835249854068636751e+03
1.837201958891409731e+03
1.839460388234437687e+03
1.841178176556072231e+03
1.843996439889319390e+03
1.845633734707357007e+03
1.847646531739145985e+03
1.849112686234125476e+03
