1.284213654195946447e+03
1.285064056825668331e+03
1.286182821022016697e+03
1.287031888868748865e+03
1.287785563780596704e+03
1.288606500082071761e+03
1.289360653894216057e+03
1.290001659521446072e+03
1.290737368258899096e+03
1.291524493172158827e+03
1.292226823466793803e+03
1.293464088403638243e+03
1.294131040606112720e+03
1.294805491242823337e+03
1.295599719921343876e+03
1.296214673215258017e+03
1.297245998364023990e+03
1.297859217112895976e+03
1.298628814147594312e+03
1.299201354234697646e+03
