1.305281583806631170e+04
1.308146936556862056e+04
1.310625650355393191e+04
1.312575592092208171e+04
1.314294770050533953e+04
1.316483814045164763e+04
1.318636724878211135e+04
1.321125107269689397e+04
1.323513715823594612e+04
1.324953341493748667e+04
1.327296966538772540e+04
1.328704408315955334e+04
1.330328155171532853e+04
1.331824942966700110e+04
1.333938145526884728e+04
1.336850274046038066e+04
1.338408256455295304e+04
1.339640468259630688e+04
1.340925239332191268e+04
1.342564129872123704e+04
1.343906122823378428e+04
1.345085738441546346e+04
1.347285582889818397e+04
1.348456319800420715e+04
1.350575447008738047e+04
