2.000000106266082156e+01
2.000123717314917826e+01
2.000248930296077177e+01
2.000375808061321692e+01
2.000504341372677075e+01
2.000634525255052765e+01
2.000766353094242334e+01
2.000899818075526682e+01
2.001034912247369846e+01
2.001171628237815980e+01
2.001309958065415628e+01
2.001449892728348701e+01
2.001591423598215513e+01
2.001734540726403466e+01
2.001879234197228286e+01
2.002025493740382345e+01
2.002173308895505599e+01
2.002322668360628910e+01
2.002473560197819324e+01
2.002625972118358888e+01
2.002779891270733970e+01
2.002935304145191253e+01
2.003092197154149900e+01
2.003250556667063265e+01
2.003410368042424494e+01
2.003571616026742319e+01
2.003734285245533542e+01
2.003898360001810275e+01
2.004063824298135899e+01
2.004230661322421625e+01
2.004398854337777180e+01
2.004568386083701625e+01
2.004739239747964774e+01
2.004911397485660629e+01
2.005084841582563726e+01
2.005259554249643372e+01
2.005435517693561920e+01
2.005612714368005811e+01
2.005791125727102653e+01
2.005970737792281611e+01
2.006151470052345331e+01
