1.263199347516525268e+04
1.263733865962303025e+04
1.264102024127122968e+04
1.264327047310537637e+04
1.264476147989459059e+04
1.264596208617276898e+04
1.264634454948940038e+04
1.264574620251888155e+04
1.264406090958043751e+04
1.264249105888096165e+04
1.263899477169121928e+04
1.263630822496696783e+04
1.263263370275012312e+04
1.262867651506035691e+04
1.262210914045199206e+04
1.261104635112092001e+04
1.260409973124742828e+04
1.259806465800422666e+04
1.259123851029124853e+04
1.258169929175231118e+04
1.257315579632907247e+04
1.256507132112078762e+04
1.254846329619240350e+04
1.253875796512785200e+04
1.251952984713353908e+04
