4.562179403529052252e+03
4.552870833858707556e+03
4.545245020482955624e+03
4.539538484301754579e+03
4.534730478996599231e+03
4.528924417790996813e+03
4.523575676963067963e+03
4.517864581267333051e+03
4.512885511613377275e+03
4.510135508001231756e+03
4.506084599985442765e+03
4.503917608237411514e+03
4.501677980207812652e+03
4.499871551103240563e+03
4.497765169697772762e+03
4.495773717378386209e+03
4.495173798721936691e+03
4.494944276740431633e+03
4.494946603382022658e+03
4.495326117150018945e+03
4.495968502065790744e+03
4.496793393964189818e+03
4.499025154717517580e+03
4.500605317837388611e+03
4.504217505121655449e+03
