4.155503383073363466e+01
4.185398712518166775e+01
4.188079910239913062e+01
4.141479464717860992e+01
4.123185504148555225e+01
4.098056470342925905e+01
4.091758328825398650e+01
4.092273190397379068e+01
4.100484428566407757e+01
4.111340638548293924e+01
4.125340424293739972e+01
4.122421670266908933e+01
4.101770847606236003e+01
4.084159809833882804e+01
4.081982187080578939e+01
4.080666304761172114e+01
4.081356998849860673e+01
4.084231595407491966e+01
4.086306895006035234e+01
4.094360389980914761e+01
4.091653434939504308e+01
4.089030552355801262e+01
4.089494577487162275e+01
4.094932652321819688e+01
4.104410874705954626e+01
4.111022489810913072e+01
4.111463666801991934e+01
4.109918739933424803e+01
4.107598004857530327e+01
4.111879345766491411e+01
4.120774464312631835e+01
4.127685887578014245e+01
4.128375312621846405e+01
4.122367222097783923e+01
4.119665479942752739e+01
4.125555349289649598e+01
4.137827502652645961e+01
4.147842936698241090e+01
4.147783597128830735e+01
4.148032025252462063e+01
4.165413499710809475e+01
4.186855914600153028e+01
4.187789150753026490e+01
4.187457000340187108e+01
4.184279849805530205e+01
4.181140868493498175e+01
4.184957236891812471e+01
4.194434990462183777e+01
4.200965449020499420e+01
4.200357898020186553e+01
4.198961069464797191e+01
4.197294415804140755e+01
4.196755327532981994e+01
4.199303928616748038e+01
4.204881689694472868e+01
4.209656175114089649e+01
4.212355475016417472e+01
4.213570418752262725e+01
4.213756090837666335e+01
4.213731598459177263e+01
4.213697163212007268e+01
4.216146783999974446e+01
4.225266011711370595e+01
4.238823272348135163e+01
4.248700426609700997e+01
4.252879084403854648e+01
4.258712933454769711e+01
4.271585078044601147e+01
4.292358769694018150e+01
4.296262736267088655e+01
4.298120614264989570e+01
4.299826422433145723e+01
4.308088946993933632e+01
4.323818833120166971e+01
4.338853202226994910e+01
4.345866270291291755e+01
4.348050711216747999e+01
4.352884282499500301e+01
4.364222909865948452e+01
4.378867184523583944e+01
4.389910763468999733e+01
4.393813364120728693e+01
4.394288534903321874e+01
4.398846768341640967e+01
4.411291112837319162e+01
4.422955101344652462e+01
4.442383383945704622e+01
4.447572440473489763e+01
4.457032001721187697e+01
4.485166120717865113e+01
4.515575264759826979e+01
4.524899786515140221e+01
4.524132211275064464e+01
4.525005508347977923e+01
4.538888273803504347e+01
4.569194770098298619e+01
