1.633296244028021249e+01
1.636456938724322185e+01
1.640188630264488268e+01
1.643413271681347965e+01
1.647714133599144404e+01
1.650335955600649029e+01
1.652859644315929089e+01
1.656763827709307080e+01
1.659263015920308959e+01
1.663091999964313672e+01
1.665691509107830015e+01
1.668484195680280635e+01
1.670991194369183219e+01
1.676626259745034275e+01
1.679886447337671029e+01
1.683054565759517018e+01
1.685827465069191433e+01
1.688518591913939204e+01
1.691058654114032578e+01
1.694221539303929092e+01
1.696670406466406789e+01
1.699144925311673759e+01
1.702063324773456188e+01
1.705153087875243045e+01
1.708140402165211924e+01
1.711161093909907649e+01
1.715017661521346071e+01
1.718164578689038891e+01
