1.078381159612170450e+03
1.080775335602626683e+03
1.083926895905502761e+03
1.086320171662131543e+03
1.088445643482788455e+03
1.090761991465348274e+03
1.092891029420603218e+03
1.094701508708809797e+03
1.096780479417278684e+03
1.099005968003781618e+03
1.100992811180131866e+03
1.104495559579782821e+03
1.106385159445029331e+03
1.108297058381405350e+03
1.110549898075286592e+03
1.112295291478360468e+03
1.115224625477243308e+03
1.116967720012853079e+03
1.119156782924217396e+03
1.120786416103587953e+03
