1.471851889074825159e+01
1.471240450028267333e+01
1.470477371017374857e+01
1.469781874038356584e+01
1.468801859692936063e+01
1.468174901708530022e+01
1.467550173231812494e+01
1.466542472339952852e+01
1.465870992202179401e+01
1.464802005455994305e+01
1.464048399022227720e+01
1.463213554190867960e+01
1.462441753795376975e+01
1.460629288976341300e+01
1.459531291610459824e+01
1.458429392718123374e+01
1.457436575538367762e+01
1.456447587101331820e+01
1.455491017612805038e+01
1.454268399343818352e+01
1.453297681401416952e+01
1.452295331225294106e+01
1.451085330753409153e+01
1.449771280242507920e+01
1.448468366964956111e+01
1.447118309147823467e+01
1.445346781778617107e+01
1.443861219687457620e+01
