2.485209121015629563e+01
2.455279117179561510e+01
2.420213664624191807e+01
2.390150878124124390e+01
2.350400206012134063e+01
2.326362833814333797e+01
2.303365219374371620e+01
2.268059517416970294e+01
2.245633478740728251e+01
2.211539969865705402e+01
2.188577562172486779e+01
2.164075169448115687e+01
2.142226787787772935e+01
2.093629609346625386e+01
2.065839242077229798e+01
2.039063904821787077e+01
2.015815910296218405e+01
1.993421326923913739e+01
1.972436168409955570e+01
1.946513171321225499e+01
1.926601225496089143e+01
1.906622252593247424e+01
1.883243090166103428e+01
1.858708771898344736e+01
1.835201838709510724e+01
1.811647162556684876e+01
1.781890307814721908e+01
1.757872925675156495e+01
