4.065944219664366699e+01
4.066270184581144065e+01
4.066551597860367195e+01
4.066787918074380315e+01
4.066978523059692918e+01
4.067122836895654814e+01
4.067220331751533280e+01
4.067270530446810284e+01
4.067273018296566534e+01
4.067227441812873678e+01
4.067133521197700929e+01
4.066991048534092812e+01
4.066799898886581133e+01
4.066560033230305748e+01
4.066271502438937091e+01
4.065934455094479461e+01
4.065549138780503569e+01
4.065115908302495740e+01
4.064635227417782914e+01
4.064107675736731551e+01
4.063533952615832590e+01
4.062914878725059253e+01
4.062251403767060509e+01
4.061544606273931635e+01
4.060795698577653212e+01
4.060006029738759992e+01
4.059177085715939626e+01
4.058310494900938181e+01
4.057408024925307188e+01
4.056471588052973232e+01
4.055503238706792501e+01
4.054505173279915908e+01
4.053479732327969032e+01
4.052429395139433410e+01
4.051356783964445896e+01
4.050264655377794298e+01
4.049155901950310721e+01
4.048033546633333657e+01
4.046900735110054370e+01
4.045760757459182599e+01
4.044616688628565271e+01
