6.149052210881821338e+03
6.159447680407390180e+03
6.171246209222479592e+03
6.181025212587032911e+03
6.193463653093231187e+03
6.200705512557036855e+03
6.207431380635517598e+03
6.217360804381974958e+03
6.223412230614341752e+03
6.232219724297926405e+03
6.237877751346170044e+03
6.243665195934223448e+03
6.248602721952374850e+03
6.258805260719500438e+03
6.264138360063556320e+03
6.268918231991762696e+03
6.272774520555022718e+03
6.276223575297082789e+03
6.279212633907392046e+03
6.282571335825070491e+03
6.284893812344293110e+03
6.286993067275264366e+03
6.289147709246246450e+03
6.291048263171325743e+03
6.292511738319682991e+03
6.293615732159140862e+03
6.294472940187165477e+03
6.294710910570699525e+03
