1.765559220598853472e+03
1.764915167569885170e+03
1.764030834100980201e+03
1.763330711293016748e+03
1.762687653642299665e+03
1.761963449527955163e+03
1.761275727844715220e+03
1.760673850769140017e+03
1.759962905779311313e+03
1.759177792167589132e+03
1.758455287549804098e+03
1.757130296042174905e+03
1.756387480779144880e+03
1.755615248600862742e+03
1.754677909277525259e+03
1.753930763577902098e+03
1.752634362639200390e+03
1.751836906411428572e+03
1.750806967194288063e+03
1.750019084414490180e+03
