4.102580504281333560e+03
4.112493336262513367e+03
4.121101856972391943e+03
4.127896780697704344e+03
4.133904977516922372e+03
4.141579917392929929e+03
4.149156370435593999e+03
4.157950153316503020e+03
4.166430582535868780e+03
4.171561349896556749e+03
4.179947160497576078e+03
4.185003909466641744e+03
4.190858126840416844e+03
4.196274741740432546e+03
4.203956688501923963e+03
4.214613989991485141e+03
4.220351936009819838e+03
4.224909198878126517e+03
4.229679698821466445e+03
4.235794457822216827e+03
4.240827350528476018e+03
4.245271577788987088e+03
4.253613632457722815e+03
4.258083810396796252e+03
4.266233848324833161e+03
