1.071380636766641146e+03
1.074758863944145105e+03
1.079180519804281175e+03
1.082518554189315637e+03
1.085468360655078641e+03
1.088666899894744347e+03
1.091591529758214165e+03
1.094066770850902458e+03
1.096895393692338757e+03
1.099906734134593535e+03
1.102580243410942103e+03
1.107258150486637533e+03
1.109762327864418694e+03
1.112281783047471436e+03
1.115231584333963383e+03
1.117502477174789874e+03
1.121284428402033427e+03
1.123516875662899110e+03
1.126300823648875848e+03
1.128358695249123002e+03
