1.329310373621664532e+01
1.330065972772511707e+01
1.330728355885124259e+01
1.331752263648070311e+01
1.333128034616769675e+01
1.334174292956093133e+01
1.335609356111804935e+01
1.338532612372474517e+01
1.340534477022447923e+01
1.342458787602524772e+01
1.344814315773383662e+01
1.347373476929977087e+01
1.349496570935927764e+01
1.351860545442278649e+01
1.355457151520796799e+01
1.358137913154898158e+01
1.360992600011624809e+01
1.364043406003171022e+01
1.367346343693003696e+01
1.371202907469838195e+01
1.375756767722922191e+01
1.379133677793037016e+01
1.383781236799382874e+01
1.388635109239771204e+01
1.394466245021349771e+01
1.402757614845780409e+01
1.408556575275659384e+01
1.418212311904104794e+01
