5.200006561863858224e+03
5.203956057227353995e+03
5.208584420794029938e+03
5.212553537373599283e+03
5.217803280586421351e+03
5.220978705207162420e+03
5.224017416444119590e+03
5.228683669772587564e+03
5.231648465200294595e+03
5.236156981216282475e+03
5.239194391542606354e+03
5.242436299565578338e+03
5.245327762521018485e+03
5.251761691599537698e+03
5.255442531567963670e+03
5.258990066370155546e+03
5.262071185503255947e+03
5.265040041593932074e+03
5.267822819594691282e+03
5.271261446679711298e+03
5.273903537007100567e+03
5.276555253155675928e+03
5.279659217204823108e+03
5.282917689431711551e+03
5.286040844508343071e+03
5.289171491252986925e+03
5.293128171248259605e+03
5.296323128983452989e+03
