1.410892232883236019e+01
1.410601507226700058e+01
1.410326721418365992e+01
1.410094589455122716e+01
1.409877746599905102e+01
1.409584390442758384e+01
1.409276146419345466e+01
1.408894158099339400e+01
1.408500029812673837e+01
1.408248792183749742e+01
1.407816544342329834e+01
1.407542457517085310e+01
1.407212034228032671e+01
1.406893359874826466e+01
1.406419214545155860e+01
1.405716073572278546e+01
1.405314487029584924e+01
1.404983501445087057e+01
1.404625208990418805e+01
1.404147608705632244e+01
1.403738429073637661e+01
1.403364555206650266e+01
1.402629476084551818e+01
1.402216853972033483e+01
1.401428932002011507e+01
