1.901679209439853935e+01
1.898230403584776482e+01
1.895198295874623540e+01
1.892779650195011243e+01
1.890621778395459529e+01
1.887838096870425630e+01
1.885059132486583877e+01
1.881793409264406947e+01
1.878601251153633100e+01
1.876648703750610281e+01
1.873421489896868053e+01
1.871453106255582455e+01
1.869152506454522111e+01
1.867002350608485628e+01
1.863916065573613423e+01
1.859559025559047640e+01
1.857174922581273435e+01
1.855261390223209617e+01
1.853238675599750707e+01
1.850615493895497465e+01
1.848429696267639954e+01
1.846478691298216646e+01
1.842761202255026376e+01
1.840738026540548944e+01
1.836990146742408214e+01
