2.117805951749528504e+03
2.118909611128791312e+03
2.119982341992303191e+03
2.121024144340048679e+03
2.122035018171996398e+03
2.123014963488104968e+03
2.123963980288320727e+03
2.124882068572580010e+03
2.125769228340804148e+03
2.126625459592905372e+03
2.127450762328781366e+03
2.128245136548320261e+03
2.129008582251397911e+03
2.129741099437877892e+03
2.130442688107611048e+03
2.131113348260438215e+03
2.131753079896186136e+03
2.132365875638258331e+03
2.132947325148069922e+03
2.133497428425408543e+03
2.134016185470050459e+03
2.134503596281759656e+03
2.134959660860287386e+03
2.135384379205373079e+03
2.135777751316743434e+03
