7.494545379327144474e+03
7.500609383096276360e+03
7.507383378682376133e+03
7.519914978186671760e+03
7.523978580172345573e+03
7.531569553233035549e+03
7.536272061070848395e+03
7.540112051958743905e+03
7.545847792570284582e+03
7.550901658409744414e+03
7.559544144485585093e+03
7.567705984481174710e+03
7.577824759084330253e+03
7.587697894498479400e+03
7.590136343757544637e+03
7.595256793124699470e+03
7.597523135330843616e+03
7.601816447037923353e+03
7.604131110866805102e+03
7.615688741703835149e+03
7.623536454336662246e+03
7.628449490974636319e+03
7.631543769867909759e+03
7.635781121907347369e+03
7.640008005636288544e+03
7.643893799247743118e+03
7.646659095793025699e+03
7.648469641965428309e+03
7.650730855929125028e+03
7.654553990194384824e+03
7.656289492956761933e+03
7.657628963837608353e+03
7.657877091262953400e+03
7.658953356080439335e+03
7.658953802764566717e+03
7.658655889230586581e+03
7.658092164629646504e+03
7.657045012126093752e+03
7.655635170567740715e+03
7.654722673363205104e+03
7.651941673381295914e+03
7.648573568821500885e+03
7.648028053751741027e+03
7.646697829619482036e+03
7.645044073785048568e+03
7.642784275014663763e+03
7.639989394518154768e+03
7.637037055132341266e+03
7.633895982083219678e+03
7.630622578910804805e+03
7.629250686410674462e+03
7.627367230887642108e+03
7.625734073343642194e+03
7.622145314376488386e+03
7.618416624925293036e+03
7.614604958357230316e+03
7.610709301460975439e+03
7.606712892547742740e+03
7.603472831761419911e+03
7.602651994287153684e+03
7.601573375202637180e+03
7.595404858673054150e+03
7.590587310630085994e+03
7.585710323608273939e+03
7.580779304601994227e+03
7.575808654795639086e+03
7.571347873001026528e+03
7.566863225484916256e+03
7.560036070374922929e+03
7.557418490964628290e+03
7.554075062644275931e+03
7.549135597071589473e+03
7.543744936770226559e+03
7.537938837052254712e+03
7.531799065723533204e+03
7.525874436992088704e+03
7.519965775662578380e+03
7.514536071758398066e+03
7.509131109451545854e+03
7.503713268052308194e+03
7.498293286496934343e+03
7.492895153599514742e+03
7.487478546059769542e+03
7.482090958087066610e+03
7.476683765609177499e+03
7.472814029560351628e+03
7.464459431350855084e+03
7.456141398249104896e+03
7.449438303684515631e+03
7.442005655050037603e+03
7.434611326186655788e+03
7.426659441102947312e+03
7.425291898325684087e+03
7.416222857736601327e+03
7.412545544697587502e+03
7.408387805712630325e+03
