7.853203071274299873e+03
7.852745515391251502e+03
7.852124980647963639e+03
7.850650487862545560e+03
7.850085361460746753e+03
7.848792430747384060e+03
7.847796741117342208e+03
7.846874130332948880e+03
7.845331595336646387e+03
7.843821730682527232e+03
7.840942978636168846e+03
7.837825463250749635e+03
7.832680752432183908e+03
7.826242799958637988e+03
7.824570961711221571e+03
7.820951406498504184e+03
7.819258009933824724e+03
7.815801428460169518e+03
7.813775718051885633e+03
7.801347508739630030e+03
7.789987247986688089e+03
7.781997422727209596e+03
7.776602399273087030e+03
7.768606105065480733e+03
7.760046313765776176e+03
7.751598061341940593e+03
7.745147115918163763e+03
7.740725418586209344e+03
7.734824199997297910e+03
7.722243924408159728e+03
7.714405016417655133e+03
7.706601721153368089e+03
7.704803061087488459e+03
7.690229791480939639e+03
7.682492076849251134e+03
7.673797584987052687e+03
7.665230896649567512e+03
7.654976149714063467e+03
7.644891563547822443e+03
7.639510480844802260e+03
7.625825125635849872e+03
7.612472704339445954e+03
7.610525835792189355e+03
7.605968139321889794e+03
7.600632024582229860e+03
7.593820207573273365e+03
7.586003566272825083e+03
7.578342174268622330e+03
7.570721745664020091e+03
7.563258721427519959e+03
7.560255051034890130e+03
7.556237423520180528e+03
7.552845887811432476e+03
7.545660715936766792e+03
7.538541277809283201e+03
7.531581296317203851e+03
7.524746978782390215e+03
7.518000028016215765e+03
7.512701447530163023e+03
7.511381650698488556e+03
7.509660893253377253e+03
7.500091938462290273e+03
7.492905456316963864e+03
7.485854171399340885e+03
7.478933092625083191e+03
7.472143859248582885e+03
7.466198182512855055e+03
7.460348476730480797e+03
7.451867655278215352e+03
7.448754128756394493e+03
7.444828448244975334e+03
7.439183980571686334e+03
7.433290868813996894e+03
7.427157265978348732e+03
7.420856169284594216e+03
7.414857241991656338e+03
7.408928435826820532e+03
7.403539452692980376e+03
7.398207042993200957e+03
7.392909297050990062e+03
7.387650864900359011e+03
7.382442346050189371e+03
7.377258179830878362e+03
7.372125208247978662e+03
7.367006481987312327e+03
7.363375727184047719e+03
7.355568249504670348e+03
7.347842805694441267e+03
7.341652564623484977e+03
7.334814855174130571e+03
7.328039155931585810e+03
7.320777839143494930e+03
7.319532767065287771e+03
7.311260345002377107e+03
7.307902164594422175e+03
7.304102030308858957e+03
