3.604326346051911059e+03
3.620723224033028146e+03
3.630478883210340427e+03
3.642700497761133647e+03
3.656405662122858303e+03
3.665622132959860664e+03
3.677169705486404837e+03
3.698150861684980100e+03
3.711203869607963043e+03
3.723040558258039255e+03
3.736794125978824923e+03
3.751010429987364660e+03
3.762339082289486669e+03
3.774540079195302496e+03
3.792408495908139230e+03
3.805269817334801246e+03
3.818602558220547053e+03
3.832491752134950730e+03
3.847163870632631188e+03
3.863877395327541308e+03
3.883111300301873598e+03
3.897067399381767700e+03
3.915899874183812699e+03
3.935157951855384908e+03
3.957808325950094968e+03
3.989230217221463590e+03
4.010732285814088755e+03
4.045792969225996785e+03
