2.156608671947666522e+01
2.155663799222933719e+01
2.155112384861799413e+01
2.154431398825524013e+01
2.153679252262692501e+01
2.153179567343405765e+01
2.152559774673737536e+01
2.151449617572390594e+01
2.150768216175285019e+01
2.150155818474827640e+01
2.149450291198842677e+01
2.148727313387172444e+01
2.148155422068630926e+01
2.147543405071322908e+01
2.146653904309373218e+01
2.146018309815343628e+01
2.145363242629210987e+01
2.144684726397821350e+01
2.143972014291132666e+01
2.143164893733984400e+01
2.142241909888096885e+01
2.141575865145173907e+01
2.140681684729810286e+01
2.139772415568276998e+01
2.138709158723343151e+01
2.137244362460077696e+01
2.136248325226545930e+01
2.134634328707131345e+01
