2.112523875394850165e+03
2.111680924296376816e+03
2.111588145786375662e+03
2.111844693023202581e+03
2.112569463152027765e+03
2.113289401222345532e+03
2.114429927733180648e+03
2.117108801155070978e+03
2.119127301944657120e+03
2.121167032331003611e+03
2.123766765593432410e+03
2.126692855592804335e+03
2.129185454016475887e+03
2.132018637023533302e+03
2.136426273826894885e+03
2.139775493496510990e+03
2.143392797850960505e+03
2.147308915377897392e+03
2.151599737879187160e+03
2.156668239553328021e+03
2.162723340222756633e+03
2.167256416813747819e+03
2.173547642639593050e+03
2.180175568822888636e+03
2.188205808354794499e+03
2.199733943193889900e+03
2.207863051196204196e+03
2.221502487352734533e+03
