2.589253041716821357e+01
2.592403979671138003e+01
2.594196543497901075e+01
2.596367295769794126e+01
2.598713705050855083e+01
2.600244885347155233e+01
2.602115410582380761e+01
2.605392110327851185e+01
2.607359919986429730e+01
2.609102293882722279e+01
2.611080673062843971e+01
2.613077602321826021e+01
2.614636579831312346e+01
2.616285728891937623e+01
2.618648976483504143e+01
2.620314481999535872e+01
2.622011828056871607e+01
2.623750300872282182e+01
2.625555828035646400e+01
2.627576255084070311e+01
2.629856687250028102e+01
2.631483328840637625e+01
2.633643310465284770e+01
2.635813011155008923e+01
2.638317710964117424e+01
2.641714367102758132e+01
2.643990394485740936e+01
2.647624378262571909e+01
