2.904948177731048418e+02
2.910006499930096311e+02
2.914029097070613830e+02
2.915023083762646365e+02
2.914370850332022655e+02
2.911972130541159913e+02
2.908174504054190379e+02
2.903714639253602172e+02
2.897164227329274695e+02
2.888416156141825013e+02
2.879049281244724625e+02
2.858839479195078184e+02
2.845914740369193510e+02
2.831347682140709594e+02
2.812206387019064096e+02
2.795866001171361859e+02
2.765379210753130792e+02
2.745359873295849980e+02
2.718165834342855192e+02
2.696395515738689710e+02
