8.424367480122780805e+00
8.543705708177519398e+00
8.652290324464015470e+00
8.757903004456629503e+00
8.870768477804590546e+00
8.965120704991393907e+00
9.054765824032532606e+00
9.182506330904883995e+00
9.305946633994738093e+00
9.398649615506613486e+00
9.510031052355417458e+00
9.596891479245943657e+00
9.736354386039334230e+00
9.839596331406012197e+00
9.941360400794781782e+00
1.004923193862266473e+01
1.014428751026447451e+01
1.025871205572427769e+01
1.041140668503260613e+01
1.049772935991113165e+01
1.058192486795017828e+01
1.066335861741908708e+01
1.074122523546328800e+01
1.087993123829037856e+01
1.099512498236098246e+01
1.105157933665831038e+01
1.108484588166279039e+01
1.113047621486867733e+01
1.117138082493352513e+01
1.121347252527540128e+01
1.126467941111407178e+01
1.131857761655935413e+01
1.145222366956750903e+01
1.166447030202139601e+01
