2.090415098455696707e+01
2.102485829512624349e+01
2.109254989623372012e+01
2.117358944190925030e+01
2.126005454206011791e+01
2.131585358290431031e+01
2.138335852272491877e+01
2.149988763914452505e+01
2.156883211715341631e+01
2.162923939608669244e+01
2.169711100675477056e+01
2.176485494812965271e+01
2.181721491592772821e+01
2.187210643868426274e+01
2.194988692815884335e+01
2.200408831074987503e+01
2.205880960195061391e+01
2.211432250782879905e+01
2.217141070354714216e+01
2.223461824633113437e+01
2.230511391183222614e+01
2.235485743326692187e+01
2.242022292927242333e+01
2.248510226072713891e+01
2.255904002532513530e+01
2.265769318679922861e+01
2.272277551282702035e+01
2.282501772719673028e+01
