1.843110592814602455e+01
1.858851373082148228e+01
1.862882780806633320e+01
1.847676463206274633e+01
1.841383084590704655e+01
1.833736953272782699e+01
1.833189015068665029e+01
1.835295699819499404e+01
1.841814842544865627e+01
1.849238973290466603e+01
1.860083341772455867e+01
1.863274458236242026e+01
1.859477849469315558e+01
1.856580143276417516e+01
1.856795925483395848e+01
1.858661369443907319e+01
1.860036117630995278e+01
1.863303606840790749e+01
1.865279943311278288e+01
1.873949960344041088e+01
1.876061593103223757e+01
1.876966613284179530e+01
1.878534479877568941e+01
1.882949539188577148e+01
1.889331262030994196e+01
1.894438515951237534e+01
1.896289763894422720e+01
1.896739965367863334e+01
1.897221878080361890e+01
1.902294005966149726e+01
1.908237966208925585e+01
1.913329297506306048e+01
1.914104380563935948e+01
1.915271977214730370e+01
1.916155566183057601e+01
1.921179567422748136e+01
1.929090983920135827e+01
1.936592250330608422e+01
1.939676438157902894e+01
1.941497009702516152e+01
1.953759550742110918e+01
1.968030023600970324e+01
1.969161559906271464e+01
1.970714473537377032e+01
1.971333594831532565e+01
1.972598395857503562e+01
1.977448463616584107e+01
1.984875522230661460e+01
1.991103544869157460e+01
1.994208995315960919e+01
1.994981317465627768e+01
1.996136304408708284e+01
1.997526563808480304e+01
2.002207932336788332e+01
2.008329717554178373e+01
2.014101450008866934e+01
2.018924721577402792e+01
2.023030795188456210e+01
2.025875830576265813e+01
2.026545014152685198e+01
2.027410525270708774e+01
2.033248564950986292e+01
2.040671893860597308e+01
2.049862998726596430e+01
2.057272600262978557e+01
2.062024900071737221e+01
2.067063150211176037e+01
2.075058822440392703e+01
2.087235204072946360e+01
2.089927297038457965e+01
2.091874575360947830e+01
2.094044866806832061e+01
2.098909461062806869e+01
2.106903982530024422e+01
2.114463817275186486e+01
2.118361282811831359e+01
2.120087825484294797e+01
2.122907715761201430e+01
2.128596337017278017e+01
2.135732868176831190e+01
2.141255299347159280e+01
2.143595719984631742e+01
2.144401679839864272e+01
2.147002773449506208e+01
2.153084761352520360e+01
2.158645578236897578e+01
2.168081999213459810e+01
2.171178508168539523e+01
2.175998205796117091e+01
2.189161349333063811e+01
2.203339538575094281e+01
2.208234401396821767e+01
2.208023797749848072e+01
2.209232080479223370e+01
2.215689878031868076e+01
2.229439358394343884e+01
