2.000000062657829147e+01
1.999999974870689101e+01
1.999999730872426085e+01
1.999999485084403972e+01
1.999999228875788049e+01
1.999998960934247805e+01
1.999998679403712742e+01
1.999998382529492602e+01
1.999998068197147205e+01
1.999997733787200360e+01
1.999997377324719849e+01
1.999996995037805192e+01
1.999996582266430067e+01
1.999996133156246003e+01
1.999995641100871779e+01
1.999995095369528286e+01
1.999994481754436748e+01
1.999993783472027786e+01
1.999992974194026374e+01
1.999992028667789867e+01
1.999990746997615787e+01
