1.874414599954921101e+01
1.872527090095306690e+01
1.870781089597248226e+01
1.869329967943807702e+01
1.867991373524165866e+01
1.866203105600447287e+01
1.864348470019489667e+01
1.862079879396966930e+01
1.859768817139688579e+01
1.858309375000748176e+01
1.855820508463900964e+01
1.854255353596218114e+01
1.852380582308368773e+01
1.850583939013051804e+01
1.847929624656073244e+01
1.844030088377517629e+01
1.841820367470626962e+01
1.840007718543582627e+01
1.838053656135244296e+01
1.835461117662644526e+01
1.833250272591401853e+01
1.831237905058002724e+01
1.827301138905410482e+01
1.825101931249150766e+01
1.820921726816567343e+01
