4.454297215868472449e+03
4.458797358761754367e+03
4.462742165441831276e+03
4.465881019179685609e+03
4.468675553741728436e+03
4.472272291886084531e+03
4.475853624431275421e+03
4.480050303322313994e+03
4.484139891652018377e+03
4.486635220874763945e+03
4.490749270560524565e+03
4.493252243570005703e+03
4.496171560170959310e+03
4.498894006647080460e+03
4.502791621627571658e+03
4.508273613860283149e+03
4.511263082175562886e+03
4.513657250754370580e+03
4.516182929196802434e+03
4.519450551853055003e+03
4.522166551470442755e+03
4.524585572381969541e+03
4.529181097217732713e+03
4.531674521602138157e+03
4.536279272479438987e+03
