2.572961654627297776e+03
2.572588592007871284e+03
2.572039706820748961e+03
2.571577693694835034e+03
2.571133716098845980e+03
2.570612850872950276e+03
2.570099172646519492e+03
2.569635369363255904e+03
2.569071442780820689e+03
2.568429701397157260e+03
2.567822632663887816e+03
2.566671327046509305e+03
2.566005891122017601e+03
2.565299930620084524e+03
2.564424732548283373e+03
2.563713542120682632e+03
2.562452776400911716e+03
2.561661369825298607e+03
2.560622464640968246e+03
2.559815595082203799e+03
