2.145978072600539477e+01
2.146483158036019034e+01
2.146712432387518987e+01
2.146934693883745027e+01
2.147107761445732166e+01
2.147183618969447494e+01
2.147237098336382033e+01
2.147228547197475734e+01
2.147161900031147042e+01
2.147064983425129014e+01
2.146912343401914569e+01
2.146712934691207764e+01
2.146525995450675595e+01
2.146298755509218736e+01
2.145920923383784995e+01
2.145618173873689827e+01
2.145279000892795906e+01
2.144899906634884346e+01
2.144472611926502381e+01
2.143954377800652367e+01
2.143319256948418783e+01
2.142834101756449527e+01
2.142149060526525872e+01
2.141414636789208714e+01
2.140509922792881881e+01
2.139187209653218247e+01
2.138240181169227228e+01
2.136629001232306635e+01
