1.482039958276285851e+01
1.473609120799116567e+01
1.464270220864214700e+01
1.456739444096441183e+01
1.447477799666519793e+01
1.442272999734584893e+01
1.437580183970591463e+01
1.430936189874469200e+01
1.427077735803636926e+01
1.421766877769146831e+01
1.418577521244506201e+01
1.415528041141859283e+01
1.413124444429814019e+01
1.408881676747135714e+01
1.407164623381176227e+01
1.406017424060751964e+01
1.405437167913544450e+01
1.405254102250750492e+01
1.405426264482214194e+01
1.406111055774867324e+01
1.407001250034220341e+01
1.408221328802581418e+01
1.410076170651450944e+01
1.412532783857594332e+01
1.415392326044825211e+01
1.418770496369561762e+01
1.423798627578668530e+01
1.428499142064247884e+01
