1.259620665445186023e+04
1.254880052890622210e+04
1.250710963103049289e+04
1.247384524313217298e+04
1.244416098191702076e+04
1.240585899143359529e+04
1.236761183110682941e+04
1.232265242540260806e+04
1.227869220973280426e+04
1.225179640962086160e+04
1.220733130122769217e+04
1.218020373240049412e+04
1.214849107841682053e+04
1.211884576538135661e+04
1.207628259972672095e+04
1.201617225124573270e+04
1.198326979747718724e+04
1.195685590644342483e+04
1.192892937747945143e+04
1.189270404670579956e+04
1.186251151181478235e+04
1.183555651713060251e+04
1.178418099997399986e+04
1.175621257944584431e+04
1.170438639355165469e+04
