2.427790247559835279e+01
2.426389304622076537e+01
2.424847475159768351e+01
2.423613511623738503e+01
2.422110474971340466e+01
2.421274697298799694e+01
2.420528066165568859e+01
2.419485372717645078e+01
2.418889896972845577e+01
2.418087153860867389e+01
2.417618099677709154e+01
2.417182946875342608e+01
2.416853230073391146e+01
2.416323719263536418e+01
2.416151937286141305e+01
2.416080122607803204e+01
2.416094589312315222e+01
2.416177969884060772e+01
2.416319601928661953e+01
2.416581783283604778e+01
2.416850453725320236e+01
2.417180420479321512e+01
2.417645453312634984e+01
2.418227707729115039e+01
2.418879025698727503e+01
2.419626409078355422e+01
2.420711078526602833e+01
2.421705184001088895e+01
