1.366139756883499103e+04
1.366399983755412904e+04
1.366601344455178878e+04
1.366743467750784839e+04
1.366856347260782786e+04
1.366982486699476249e+04
1.367086421900990536e+04
1.367180328629883297e+04
1.367242468436617673e+04
1.367265953642378554e+04
1.367280476332028047e+04
1.367274405115257832e+04
1.367252905467100754e+04
1.367218720451149966e+04
1.367145742815286576e+04
1.366994448362679395e+04
1.366887593673786432e+04
1.366789446528023836e+04
1.366673662045189849e+04
1.366505003472373028e+04
1.366348438752541369e+04
1.366196331892113631e+04
1.365874070147549355e+04
1.365680720037678657e+04
1.365288882391248080e+04
