1.465825542288991201e+01
1.466768953503287243e+01
1.467947860997452558e+01
1.468793904401504413e+01
1.469508620341413696e+01
1.470247212464590625e+01
1.470888040030880362e+01
1.471403599306972154e+01
1.471961486266134145e+01
1.472517234080383020e+01
1.472976208270324427e+01
1.473697097995561656e+01
1.474037696633541294e+01
1.474346737554124864e+01
1.474663687215002561e+01
1.474873170430300284e+01
1.475151620532507657e+01
1.475272458552039900e+01
1.475375191306641831e+01
1.475415230733810468e+01
