1.404831572358603431e+01
1.406583729007600780e+01
1.408869067179446688e+01
1.410588040334784665e+01
1.412102373518035137e+01
1.413739186311360818e+01
1.415230886363206864e+01
1.416489538522989733e+01
1.417923404839921986e+01
1.419444425694156742e+01
1.420789878468715628e+01
1.423132280650806436e+01
1.424379726673124402e+01
1.425629966139560878e+01
1.427087330755378680e+01
1.428204333464169196e+01
1.430054507122502372e+01
1.431140411878747010e+01
1.432487708913990332e+01
1.433478478484741636e+01
