6.094363951096064547e+00
6.094810514711288540e+00
6.095261511546795852e+00
6.095718820457597609e+00
6.096181753305686790e+00
6.096650571367290716e+00
6.097125288710713242e+00
6.097605648280704393e+00
6.098091887268003219e+00
6.098583816907039434e+00
6.099081393010274077e+00
6.099584682080001485e+00
6.100093550267155607e+00
6.100608116825299021e+00
6.101128138668963530e+00
6.101653660376755717e+00
6.102184690372806308e+00
6.102721004099337598e+00
6.103262851598461936e+00
6.103809819992616958e+00
6.104366872854966708e+00
