1.312456334520805285e+03
1.313750464200789793e+03
1.315440867914760247e+03
1.316714295554208547e+03
1.317837590145522427e+03
1.319053361864070666e+03
1.320162894505290069e+03
1.321100289610780464e+03
1.322169587285775151e+03
1.323305606237846860e+03
1.324312059329100748e+03
1.326068014383099126e+03
1.327005222079927307e+03
1.327946076214640698e+03
1.329044873127642632e+03
1.329888651770400656e+03
1.331289546123031641e+03
1.332113799164917737e+03
1.333138721204554713e+03
1.333894124370561030e+03
