1.539660028666861358e+01
1.540103648428781291e+01
1.540465336930476070e+01
1.540734738527638292e+01
1.540960713127365977e+01
1.541232102612724297e+01
1.541480314566969234e+01
1.541742835729690242e+01
1.541968811202545986e+01
1.542092029513773177e+01
1.542270589968490313e+01
1.542364077109261089e+01
1.542458462604363945e+01
1.542532118656537321e+01
1.542613143043979207e+01
1.542677663704467506e+01
1.542688103731609317e+01
1.542683690372414240e+01
1.542666589900158591e+01
1.542625299062355815e+01
1.542574335041055811e+01
1.542516076824189852e+01
1.542371563920711175e+01
1.542274356332421803e+01
1.542059507090739068e+01
