4.614113175644294643e+03
4.617451318354790601e+03
4.620174515828234689e+03
4.622204015516434083e+03
4.623907284073763549e+03
4.625954233672673581e+03
4.627828027951494732e+03
4.629812172243988243e+03
4.631522818726952210e+03
4.632457098546969974e+03
4.633813834264873549e+03
4.634526153653359870e+03
4.635247550909045458e+03
4.635813039936324458e+03
4.636440237670874012e+03
4.636953219596784038e+03
4.637048191709961429e+03
4.637028864513922599e+03
4.636915550647277087e+03
4.636625829404221804e+03
4.636260738258217316e+03
4.635839490644239049e+03
4.634786564169949088e+03
4.634074903424185322e+03
4.632496824999680939e+03
