1.392147609257967389e+01
1.391278648397600293e+01
1.390992110175310437e+01
1.390843327181789491e+01
1.390922924350474155e+01
1.391107567509849474e+01
1.391473383849396406e+01
1.392480075936166806e+01
1.393304778036494085e+01
1.394170653062404774e+01
1.395306252828554605e+01
1.396614753074336157e+01
1.397748167321091195e+01
1.399052669751009503e+01
1.401108829173516668e+01
1.402688435788602206e+01
1.404407878742567739e+01
1.406282442150652301e+01
1.408349478833003943e+01
1.410805983365866290e+01
1.413758251647813502e+01
1.415979070140748242e+01
1.419074111470287569e+01
1.422348776894267353e+01
1.426332665126334653e+01
1.432078181497686842e+01
1.436145384993212204e+01
1.442993956277028111e+01
