1.980412632184918039e+04
1.978298985521250870e+04
1.975925019617265934e+04
1.971485032651505389e+04
1.970034992344259445e+04
1.967268978181865896e+04
1.965509504517002279e+04
1.964049856708282823e+04
1.961835015515022315e+04
1.959844740204593472e+04
1.956352800058186767e+04
1.952935055838248809e+04
1.948206275695213844e+04
1.943029923098285508e+04
1.941719895910003470e+04
1.938909990548334827e+04
1.937616507940648080e+04
1.935032179556680421e+04
1.933549918560160950e+04
1.924737017360901882e+04
1.916894661944666223e+04
1.911410803332490468e+04
1.907705867582018254e+04
1.902218658957831212e+04
1.896343842006107661e+04
1.890536048358279004e+04
1.886097181604828802e+04
1.883051150539250375e+04
1.878978890684212820e+04
1.870267339721996177e+04
1.864814054161373861e+04
1.859360901561292849e+04
1.858100213466620335e+04
1.847836957389971940e+04
1.842350710441619231e+04
1.836159645942012139e+04
1.830036836472414507e+04
1.822668773282203256e+04
1.815385981534540770e+04
1.811481103120585612e+04
1.801510738830436821e+04
1.791707528952168286e+04
1.790270395097064466e+04
1.786899515711876666e+04
1.782940206992943786e+04
1.777865092240656304e+04
1.772014494894709060e+04
1.766248926462676900e+04
1.760483740771871089e+04
1.754807675771725553e+04
1.752514264137179634e+04
1.749438922073654976e+04
1.746836029159037571e+04
1.741299800143993343e+04
1.735783966746539591e+04
1.730363438365906768e+04
1.725012202070247076e+04
1.719702191528422554e+04
1.715512772321990997e+04
1.714466416467340605e+04
1.713100521167363331e+04
1.705474912921293435e+04
1.699711148977738048e+04
1.694025021541977912e+04
1.688412609933726708e+04
1.682878210440880503e+04
1.678007067925244337e+04
1.673192951043603534e+04
1.666132387047081284e+04
1.663508196644156487e+04
1.660186461642722497e+04
1.655371183816251505e+04
1.650287531157270132e+04
1.644952709436089935e+04
1.639410701489316489e+04
1.634104327195896076e+04
1.628839874931849226e+04
1.624030428248884346e+04
1.619258244311030467e+04
1.614496475666363040e+04
1.609751823569725457e+04
1.605038528709203820e+04
1.600326609009703134e+04
1.595649249825098377e+04
1.590965229655946678e+04
1.587622931621471798e+04
1.580414462117500443e+04
1.573249003437981082e+04
1.567480449697841323e+04
1.561085207124408407e+04
1.554723345437235366e+04
1.547874384031820955e+04
1.546693336212911709e+04
1.538875578551268154e+04
1.535706753351348925e+04
1.532131950045466692e+04
