2.091163701510113171e+01
2.093356584266385312e+01
2.096163807860617467e+01
2.098233548342855315e+01
2.100025470122422888e+01
2.101927491718184271e+01
2.103627746824566103e+01
2.105036551652903043e+01
2.106611249044582479e+01
2.108244654680189001e+01
2.109656028672180383e+01
2.112032948530840670e+01
2.113254315703578712e+01
2.114445239219840289e+01
2.115789021981841955e+01
2.116784637263112501e+01
2.118363395786809988e+01
2.119246280429245743e+01
2.120293241754743718e+01
2.121026701067142639e+01
