1.002921576056097365e+03
1.004825271900835219e+03
1.007274169598825779e+03
1.009089267909983391e+03
1.010668053269961320e+03
1.012352105835787370e+03
1.013865520176789460e+03
1.015125870646212547e+03
1.016542212630434278e+03
1.018020818213293978e+03
1.019307189026914216e+03
1.021495063928487866e+03
1.022631591084131628e+03
1.023749301928202158e+03
1.025023570972680773e+03
1.025978135364633545e+03
1.027513955786394035e+03
1.028387211389378535e+03
1.029439480895739280e+03
1.030189826426204036e+03
