1.314115009270466139e+01
1.313740108870705470e+01
1.313462803518686250e+01
1.313065927229667018e+01
1.312562864642044680e+01
1.312193700553666886e+01
1.311699510806288060e+01
1.310721090205429284e+01
1.310065681204590859e+01
1.309443563789434428e+01
1.308690214431570098e+01
1.307879812800111985e+01
1.307212671829477202e+01
1.306474430066191061e+01
1.305358972475911727e+01
1.304532637782882531e+01
1.303656727048892527e+01
1.302724637495151150e+01
1.301719573243153860e+01
1.300550689629966961e+01
1.299176038846998971e+01
1.298160078703811315e+01
1.296766006172824071e+01
1.295314610926365617e+01
1.293576389024260642e+01
1.291113515050085780e+01
1.289396261158296930e+01
1.286545144068871238e+01
