4.024014193857275501e+01
4.024640770445523685e+01
4.025263768924510543e+01
4.025883198540211794e+01
4.026498913737717089e+01
4.027110783236003755e+01
4.027718682937953076e+01
4.028322495794932223e+01
4.028922118810486097e+01
4.029517457041168882e+01
4.030108431235866107e+01
4.030694971788168601e+01
4.031277024325068936e+01
4.031854547826338830e+01
4.032427514175956418e+01
4.032995910869589551e+01
4.033559737137557022e+01
4.034119008172287124e+01
4.034673752177990735e+01
4.035224012261831916e+01
4.035769846692761575e+01
4.036311326608304029e+01
4.036848539342361164e+01
4.037381585009675433e+01
4.037910578871297673e+01
4.038435650971478452e+01
4.038956943893411733e+01
4.039474617054944616e+01
4.039988841649081053e+01
4.040499804492069558e+01
4.041007705696534202e+01
4.041512757958034285e+01
4.042015189071792491e+01
4.042515237129409655e+01
4.043013156856203238e+01
4.043509211763254285e+01
4.044003679656970718e+01
4.044496848130386013e+01
4.044989015270679289e+01
4.045480499409604391e+01
4.045971455215482848e+01
