1.753506424712266210e+01
1.755422038270906171e+01
1.757494246072252508e+01
1.759118778881761003e+01
1.761044421066374710e+01
1.762082396655795336e+01
1.762983808167691535e+01
1.764188572481852191e+01
1.764838220877783570e+01
1.765648496447903781e+01
1.766070372941583955e+01
1.766407490077078890e+01
1.766607245715745123e+01
1.766698911569979202e+01
1.766524702857643092e+01
1.766194793712062605e+01
1.765775467644312613e+01
1.765251413909554046e+01
1.764650505922238466e+01
1.763757331340369205e+01
1.762954884145533541e+01
1.762045274276500706e+01
1.760844367402062716e+01
1.759421106994634698e+01
1.757895810723369934e+01
1.756203537822914740e+01
1.753822658925719224e+01
1.751695776480671185e+01
