7.197591777448263201e+03
7.212284737900061373e+03
7.229369899884443839e+03
7.243903747570864653e+03
7.262954685531155519e+03
7.274380168359841264e+03
7.285242801182863332e+03
7.301784930169634208e+03
7.312205863088051046e+03
7.327915644641901963e+03
7.338403649771385062e+03
7.349510394660409474e+03
7.359338592602473000e+03
7.380935342798625243e+03
7.393115797814602956e+03
7.404730029461820777e+03
7.414714732431887569e+03
7.424242971443351053e+03
7.433089306385239070e+03
7.443904237876990010e+03
7.452124255206762427e+03
7.460293731446194215e+03
7.469751365271886243e+03
7.479554245150226961e+03
7.488825607531852256e+03
7.497993102975393413e+03
7.509392544120403727e+03
7.518439618803425219e+03
