2.452598213294329454e+01
2.447722381440392780e+01
2.441346560096807750e+01
2.436537989843629504e+01
2.432292213450939400e+01
2.427692333756734655e+01
2.423490074821950557e+01
2.419936398970596159e+01
2.415878735727154591e+01
2.411563063585048283e+01
2.407735247793092981e+01
2.401046447536526784e+01
2.397470664362904103e+01
2.393876677713555168e+01
2.389673624565879351e+01
2.386441627743566940e+01
2.381066614060551956e+01
2.377898472743736491e+01
2.373952828186797959e+01
2.371040095232895695e+01
