2.332543689523545254e+03
2.257658480711281300e+03
2.216004309094074870e+03
2.166466196726699764e+03
2.114016111027822262e+03
2.080394415605038375e+03
2.039961117655226644e+03
1.970800812752441971e+03
1.930270980467635127e+03
1.895003078672163383e+03
1.855653468181031485e+03
1.816674995331773971e+03
1.786755340518715684e+03
1.755586495239389706e+03
1.711773256698116029e+03
1.681491112893635091e+03
1.651130145980290763e+03
1.620551057690521475e+03
1.589340648142729378e+03
1.555069765224166758e+03
1.517208032560799211e+03
1.490725449785886212e+03
1.456226068653181756e+03
1.422327263185899710e+03
1.384123304415087887e+03
1.333878574207076099e+03
1.301201623938819921e+03
1.250646553899832952e+03
