1.357270843434073322e+04
1.355267496231785299e+04
1.353488342025856764e+04
1.352057103879393253e+04
1.350771114084867077e+04
1.349099487852645507e+04
1.347416373828146607e+04
1.345420062247044552e+04
1.343449411002789020e+04
1.342234564611392307e+04
1.340210818752302657e+04
1.338966747732299700e+04
1.337503327323581107e+04
1.336126428463204320e+04
1.334134489009639401e+04
1.331290949999872646e+04
1.329719336808678599e+04
1.328449862097124787e+04
1.327100114925714843e+04
1.325337630343878482e+04
1.323858581325251726e+04
1.322530358950532536e+04
1.319978412611886779e+04
1.318577863241939303e+04
1.315961461483224048e+04
