6.105149842392001425e+00
6.106645940679269913e+00
6.108159315827927038e+00
6.109691783536247200e+00
6.111242586672949173e+00
6.112811914274594471e+00
6.114399705219716985e+00
6.116005623696308291e+00
6.117629824943866090e+00
6.119272035282447675e+00
6.120932121284252680e+00
6.122610057817205131e+00
6.124305615391806512e+00
6.126018813714288136e+00
6.127749306608096802e+00
6.129497031466949686e+00
6.131261885913047216e+00
6.133043529806021077e+00
6.134842096796313093e+00
6.136657050902829091e+00
6.138493236458569591e+00
