1.552499837704948149e+01
1.552270248155010535e+01
1.551896507072985010e+01
1.551483533532615411e+01
1.550802090942472766e+01
1.550313034825163960e+01
1.549789332925183416e+01
1.548876342261097072e+01
1.548226036202607325e+01
1.547129432088977552e+01
1.546315460516184537e+01
1.545378080005168364e+01
1.544480844225425464e+01
1.542270458918099330e+01
1.540868489689798437e+01
1.539419072536582966e+01
1.538079711065923760e+01
1.536716394138351660e+01
1.535372017431311953e+01
1.533619465276914617e+01
1.532202449994433202e+01
1.530717075054691101e+01
1.528895818614443414e+01
1.526885339734040592e+01
1.524860656760821342e+01
1.522732102329509907e+01
1.519895146628702953e+01
1.517480451699877797e+01
