1.012297596737040294e+04
1.015038608901847510e+04
1.017421679096931075e+04
1.019304550848449071e+04
1.020970830744867089e+04
1.023101346431051024e+04
1.025206792422235958e+04
1.027653473159235546e+04
1.030016103476555691e+04
1.031447080518300390e+04
1.033788523809156686e+04
1.035202078387861911e+04
1.036840151340971534e+04
1.038357354216444401e+04
1.040511781082186644e+04
1.043506174168168764e+04
1.045121170943173456e+04
1.046405317908646612e+04
1.047750989142125218e+04
1.049478083779044573e+04
1.050901565259625204e+04
1.052160078679666185e+04
1.054526428072140334e+04
1.055796739488469757e+04
1.058117109289567998e+04
