7.545774870303897615e+02
7.546997458314893947e+02
7.548460070040410983e+02
7.549456050640247895e+02
7.550255132384035051e+02
7.551032012162255569e+02
7.551657397668533349e+02
7.552120712139110310e+02
7.552573177168968641e+02
7.552960889849223349e+02
7.553220358325464758e+02
7.553472030028118525e+02
7.553495218918050114e+02
7.553435747478738449e+02
7.553255639768430001e+02
7.553032007722199523e+02
7.552486206209384818e+02
7.552056870592496125e+02
7.551403415734516784e+02
7.550832011846614478e+02
