2.191593711618052254e+01
2.201872568308324674e+01
2.207654166160867604e+01
2.214592567442587523e+01
2.222016034839795395e+01
2.226818153269735134e+01
2.232639969896041876e+01
2.242722111094349913e+01
2.248706958863848016e+01
2.253963071112584160e+01
2.259882690771838654e+01
2.265806262682891514e+01
2.270395171573515825e+01
2.275215973388541713e+01
2.282064882045935761e+01
2.286850199227516001e+01
2.291692165156274541e+01
2.296615403032858183e+01
2.301690352792051897e+01
2.307323764200597438e+01
2.313625052023200013e+01
2.318083262274423362e+01
2.323956812437449315e+01
2.329804144204794625e+01
2.336489601172701214e+01
2.345446882934993127e+01
2.351379939622476556e+01
2.360740152942970127e+01
