1.855601975441248186e+01
1.854702109914720864e+01
1.853518259427781345e+01
1.852619784147566051e+01
1.851822244348620217e+01
1.850953519228660937e+01
1.850155455465340992e+01
1.849477121107159761e+01
1.848698560811385150e+01
1.847865580079417214e+01
1.847122325342133564e+01
1.845812945309038255e+01
1.845107108098652660e+01
1.844393327092203094e+01
1.843552772362097869e+01
1.842901941546166711e+01
1.841810430110872687e+01
1.841161414670279228e+01
1.840346881033944726e+01
1.839740902040091086e+01
