1.602013191537770354e+01
1.601227204353183353e+01
1.600641244720926082e+01
1.599799264190132320e+01
1.598728557185698307e+01
1.597941212733656791e+01
1.596885690207619035e+01
1.594792282525746607e+01
1.593388049199739598e+01
1.592054075472530705e+01
1.590437587774687245e+01
1.588697563079167985e+01
1.587264411991850821e+01
1.585677875269407799e+01
1.583279578709575830e+01
1.581502187095000167e+01
1.579617580879017780e+01
1.577611523667172300e+01
1.575447821137417748e+01
1.572930772153016221e+01
1.569969813839696116e+01
1.567780964518713027e+01
1.564776872156584631e+01
1.561648581246558187e+01
1.557901274686752124e+01
1.552590446812129343e+01
1.548886653559800308e+01
1.542736097334786294e+01
