2.192638382417239384e+01
2.194562776720987074e+01
2.195735546464707255e+01
2.197230123385803680e+01
2.198935862444038847e+01
2.200098763014990055e+01
2.201572020930197127e+01
2.204290105155682156e+01
2.206005050136790047e+01
2.207574433565938321e+01
2.209413596688154868e+01
2.211330892327355002e+01
2.212869687277641972e+01
2.214537088646573437e+01
2.216996589289720987e+01
2.218778909933685739e+01
2.220636447678211312e+01
2.222581570588556943e+01
2.224646814067937939e+01
2.227011698626609615e+01
2.229748328803461277e+01
2.231743516342048039e+01
2.234447695252203303e+01
2.237226222469740122e+01
2.240510161826883717e+01
2.245092238427261933e+01
2.248244119076672121e+01
2.253409639721550661e+01
