1.337977265805350768e+01
1.338453288760536886e+01
1.338807808152260037e+01
1.339316964590286752e+01
1.339964167413623564e+01
1.340439962564533438e+01
1.341077701023928803e+01
1.342342241818485427e+01
1.343190332279493404e+01
1.343995907245268384e+01
1.344972003991615317e+01
1.346022611391994062e+01
1.346887876544193929e+01
1.347845698759916111e+01
1.349293511957049141e+01
1.350366439293688536e+01
1.351504042689666640e+01
1.352714913364794214e+01
1.354020894960787302e+01
1.355540100051481822e+01
1.357327171482969952e+01
1.358648202230971513e+01
1.360461207731214195e+01
1.362349117125202724e+01
1.364610538721263744e+01
1.367815414020229348e+01
1.370050447307019326e+01
1.373761871936467394e+01
