2.000000001458573706e+01
2.000100235676785587e+01
2.000201664235530075e+01
2.000304439423490521e+01
2.000408547185130459e+01
2.000513980819044946e+01
2.000620732318435557e+01
2.000728794558910550e+01
2.000838159812294492e+01
2.000948820090616920e+01
2.001060766071795172e+01
2.001173988372038082e+01
2.001288478015846550e+01
2.001404225439001294e+01
2.001521220132180190e+01
2.001639451784377854e+01
2.001758910749910569e+01
2.001879586610113648e+01
2.002001467541435886e+01
2.002124550804920489e+01
2.002248671285816783e+01
