1.679397505718556616e+01
1.678310722905863628e+01
1.676856097216389330e+01
1.675732664756762347e+01
1.674720940178815098e+01
1.673602961085525109e+01
1.672560856138773389e+01
1.671663452316981591e+01
1.670619927796619208e+01
1.669487023447494778e+01
1.668461401431693147e+01
1.666619540746134476e+01
1.665607478824494692e+01
1.664569883417106766e+01
1.663329227543179556e+01
1.662354246040936090e+01
1.660689976817216618e+01
1.659682523044403624e+01
1.658398587728323292e+01
1.657428851165964900e+01
