6.087271933761876426e+02
6.080859831105981357e+02
6.073515512903717308e+02
6.068795307126461012e+02
6.065241659134015890e+02
6.062070848570482440e+02
6.059818889974814056e+02
6.058415606388355172e+02
6.057398575541994887e+02
6.057031841100832708e+02
6.057351909940482528e+02
6.059453386356938154e+02
6.061428095008168384e+02
6.064045683498951576e+02
6.067952065826350463e+02
6.071606781757760700e+02
6.079014144170581631e+02
6.084203000332186093e+02
6.091573129429765459e+02
6.097694363768083576e+02
