1.493239865183808668e+01
1.494346387777145857e+01
1.495308507376042328e+01
1.496068746122540460e+01
1.496741581791343378e+01
1.497601943072344000e+01
1.498452259654423102e+01
1.499440491752122995e+01
1.500394884286097152e+01
1.500972986367127504e+01
1.501919000072045307e+01
1.502490175428618358e+01
1.503152127226295143e+01
1.503765289454730336e+01
1.504636072654481893e+01
1.505846546563327770e+01
1.506499500349167953e+01
1.507018739738156299e+01
1.507562905608646453e+01
1.508261389021267185e+01
1.508837150177742004e+01
1.509346238327736245e+01
1.510303601757085090e+01
1.510817614456832381e+01
1.511756665391986054e+01
