2.019435089902589880e+03
2.021656149370043067e+03
2.024139508414506736e+03
2.026163621751303481e+03
2.028686489887945527e+03
2.030124776902441454e+03
2.031437572777278092e+03
2.033329349079373742e+03
2.034451189987233192e+03
2.036034251879028943e+03
2.037014967304645324e+03
2.037983414537108274e+03
2.038777348872290304e+03
2.040299856785072734e+03
2.041014063740104575e+03
2.041590312219622319e+03
2.041998920376830029e+03
2.042309609528830833e+03
2.042524925246455950e+03
2.042686757996728375e+03
2.042730725651199919e+03
2.042702731477438192e+03
2.042575752546938475e+03
2.042329968792152840e+03
2.041982900257494748e+03
2.041522001241558655e+03
2.040771990369371451e+03
2.040024973841280371e+03
