2.875209468897053000e+01
2.876831996125182656e+01
2.878983504881397693e+01
2.880629625002396921e+01
2.882100691892055266e+01
2.883713922844484756e+01
2.885206190860396802e+01
2.886482508100412403e+01
2.887956615871041066e+01
2.889544955828953476e+01
2.890972249150412310e+01
2.893510548403896721e+01
2.894891913015045404e+01
2.896298454871693195e+01
2.897967595151343190e+01
2.899269765805242116e+01
2.901473473532751512e+01
2.902795975598519718e+01
2.904469067989116837e+01
2.905723681309294193e+01
