4.568518003064132063e+04
4.558605338581821707e+04
4.547299645782264270e+04
4.525563462146591337e+04
4.518274649963287811e+04
4.504127720828352176e+04
4.494944288158672862e+04
4.487208322240971756e+04
4.475295283704782923e+04
4.464451122446532827e+04
4.445018141094760358e+04
4.425926249406631541e+04
4.403724751932631625e+04
4.383965956402726442e+04
4.379026565273119922e+04
4.368544521596084087e+04
4.363946513406017766e+04
4.355454234608533443e+04
4.350995711667761498e+04
4.329215205101291212e+04
4.314790282133127766e+04
4.305231487001953064e+04
4.298800876643985976e+04
4.289429573343574157e+04
4.279341847604120267e+04
4.269331689012881543e+04
4.261646394287818839e+04
4.256316947441356024e+04
4.249173670426599710e+04
4.234091529144494416e+04
4.224677189447580895e+04
4.215173450112709543e+04
4.212968606451530650e+04
4.194903670006775064e+04
4.185061734880935546e+04
4.173811636994146829e+04
4.162449148197207978e+04
4.148504414076003741e+04
4.134390574766409554e+04
4.126658613972065359e+04
4.106422356601159845e+04
4.085807093312776124e+04
4.082733306179746432e+04
4.075459930916269514e+04
4.066797737379073806e+04
4.055506875328320166e+04
4.042228289520014368e+04
4.028850940244575031e+04
4.015156169933436468e+04
4.001379057372516399e+04
3.995722057453705929e+04
3.988051112339798419e+04
3.981487281547706516e+04
3.967310153998526221e+04
3.952881425884165947e+04
3.938503906890928192e+04
3.924285890121727425e+04
3.910389535448143579e+04
3.899745108578773943e+04
3.897142301843571477e+04
3.893778558326930943e+04
3.875631990438749926e+04
3.862705179313914414e+04
3.850580501370016282e+04
3.839209652865842509e+04
3.828490027069736243e+04
3.819433260848120699e+04
3.810809356850699987e+04
3.799996309197893424e+04
3.796698423366296629e+04
3.792680800475326396e+04
3.787517930359989259e+04
3.783386588737850980e+04
3.779925511725799151e+04
3.777075372389018594e+04
3.774514135935267404e+04
3.772023507273659197e+04
3.769868614514809451e+04
3.767755769238906942e+04
3.765738544315248873e+04
3.763769774195037462e+04
3.761856206588975328e+04
3.760006218786833779e+04
3.758192960231287725e+04
3.756448488159960107e+04
3.755243174860293220e+04
3.752750744417747774e+04
3.750329464264222042e+04
3.748411969716774911e+04
3.746312728017900372e+04
3.744255691308161477e+04
3.742033202016001451e+04
3.741632040468496416e+04
3.739266421230462583e+04
3.738383474746600405e+04
3.737436945680544886e+04
