6.097023798564673136e+00
6.097718961803857418e+00
6.098421737522175867e+00
6.099133989427960145e+00
6.099855012733837789e+00
6.100585051300067896e+00
6.101324101067857164e+00
6.102071886047133908e+00
6.102828623790350626e+00
6.103594105270664372e+00
6.104368265132953830e+00
6.105151148268130434e+00
6.105942598448450553e+00
6.106742711800464463e+00
6.107551221498575877e+00
6.108368147666316972e+00
6.109193473674843666e+00
6.110026949008750208e+00
6.110868797210997627e+00
6.111718577539734021e+00
6.112581229182715958e+00
