3.599611121318157103e+01
3.628430954764080951e+01
3.634090214153857801e+01
3.600191320881210544e+01
3.586539866328968174e+01
3.569071947926001798e+01
3.566433939796545616e+01
3.569269814943515229e+01
3.580091166118273804e+01
3.592891649664107945e+01
3.611070606408494399e+01
3.614338688676841826e+01
3.603198464735578455e+01
3.593891406464697980e+01
3.593398054839724409e+01
3.595094020251286082e+01
3.596905478289697555e+01
3.601612006507399855e+01
3.604555758326963399e+01
3.616664761484010171e+01
3.617169558444837918e+01
3.616505318955759662e+01
3.617942597949794958e+01
3.624200037892119752e+01
3.634145583958460435e+01
3.641627566461944809e+01
3.643333005969702754e+01
3.642892570565901877e+01
3.642072819221314006e+01
3.648332187979470120e+01
3.657705613591766536e+01
3.665414608912023908e+01
3.666412392610760662e+01
3.664484856997955120e+01
3.663953220478172312e+01
3.671210982164933512e+01
3.684112000255155550e+01
3.695641632717327951e+01
3.698501635602762860e+01
3.700332489362384791e+01
3.719815293048240790e+01
3.743172715652043792e+01
3.744705692398441244e+01
3.746134123942425020e+01
3.745431279784853729e+01
3.745416656345054918e+01
3.751993041307195398e+01
3.763606569290965354e+01
3.772816911157039499e+01
3.775901101367988844e+01
3.776184750700639370e+01
3.776783328960114261e+01
3.778085566054154043e+01
3.784195273294736950e+01
3.793082129949251424e+01
3.801274392357182563e+01
3.807577415678439792e+01
3.812435671706821694e+01
3.815462125991798814e+01
3.816133115207767901e+01
3.816990905189663152e+01
3.823681134250924174e+01
3.834531329481815476e+01
3.848792964220151447e+01
3.859542503859584173e+01
3.865081372012748773e+01
3.871562012715335754e+01
3.883774581569264228e+01
3.902483039322473957e+01
3.905847790579585421e+01
3.907206648971755669e+01
3.907866875000259199e+01
3.913669201326514724e+01
3.925467105340996454e+01
3.936319317891894087e+01
3.940143625790283011e+01
3.939721876403436340e+01
3.941784692544286628e+01
3.949474864177759770e+01
3.960005928241552198e+01
3.967384499917760365e+01
3.968546699215267637e+01
3.966721611041485573e+01
3.968425537708422013e+01
3.976953227686815495e+01
3.985458953266070381e+01
3.998777038901030068e+01
3.999697849079774414e+01
4.004989252507762387e+01
4.026139318020005220e+01
4.049276369565698985e+01
4.053857757948296126e+01
4.052582960889736796e+01
4.049194975985121658e+01
4.059478714682676781e+01
4.083726999148006342e+01
