3.414154792937485036e+04
3.411601408731659467e+04
3.408733447283312125e+04
3.403340788809789228e+04
3.401572707971228374e+04
3.398184480642187555e+04
3.396015777007108409e+04
3.394208543840673519e+04
3.391452521457504190e+04
3.388957547266670008e+04
3.384506159836747247e+04
3.380080934950135997e+04
3.374165842511459050e+04
3.367907768357623718e+04
3.366315174957562704e+04
3.362887567999875318e+04
3.361316460142646974e+04
3.358215758162714337e+04
3.356467032401118195e+04
3.346618237378490448e+04
3.338450189988181955e+04
3.332776596803056600e+04
3.328929664413618593e+04
3.323232033029627928e+04
3.317103391209623805e+04
3.311008974615559418e+04
3.306333382650460408e+04
3.303109076506917336e+04
3.298791854237020743e+04
3.289663673014468077e+04
3.283989763843406399e+04
3.278315270827848872e+04
3.277006525498328847e+04
3.266386827124943375e+04
3.260710643911205625e+04
3.254288914545818625e+04
3.247901676326296365e+04
3.240181517140502183e+04
3.232504952211059208e+04
3.228369277559021430e+04
3.217733893546264881e+04
3.207183562448127122e+04
3.205631437271648247e+04
3.201982163475413472e+04
3.197680477297860125e+04
3.192143567886270466e+04
3.185724628235707132e+04
3.179362187247802285e+04
3.172959161905543806e+04
3.166617153326037078e+04
3.164043624538036238e+04
3.160581118011919898e+04
3.157640719528036061e+04
3.151358458382587196e+04
3.145053288497516041e+04
3.138814994017882054e+04
3.132611401537232086e+04
3.126410065519932323e+04
3.121486110440253469e+04
3.120251022414347972e+04
3.118635696391190140e+04
3.109570565668519703e+04
3.102650417586291951e+04
3.095758474487816056e+04
3.088889331166859483e+04
3.082047512311099854e+04
3.075968302879755356e+04
3.069905958582404492e+04
3.060995131587129436e+04
3.057688961505485349e+04
3.053497957055362349e+04
3.047441859196024961e+04
3.041197732493331932e+04
3.034827001535694581e+04
3.028335401662337972e+04
3.022149354601622690e+04
3.016005814727610050e+04
3.010432633889754652e+04
3.004911980493401279e+04
2.999431462001258114e+04
2.994002289239360471e+04
2.988614318033613017e+04
2.983271223795654441e+04
2.977969198445825896e+04
2.972706175678849104e+04
2.969029414902022472e+04
2.961087506920142187e+04
2.953218711779320802e+04
2.946924672957929579e+04
2.939962949768903127e+04
2.933047121836589213e+04
2.925620380818219564e+04
2.924354941755026448e+04
2.915850377926575675e+04
2.912369173725321525e+04
2.908420815704272536e+04
