2.000000008522953010e+01
2.000988767744007646e+01
2.002003045372619283e+01
2.003042816757716338e+01
2.004107852273513402e+01
2.005197904711016577e+01
2.006312699301048497e+01
2.007451934742788069e+01
2.008615282265935775e+01
2.009802385456672624e+01
2.011012861237870197e+01
2.012246297437029341e+01
2.013502253863155289e+01
2.014780262008815725e+01
2.016079825932582281e+01
2.017400419345019458e+01
2.018741486887032011e+01
2.020102445699268401e+01
2.021482680249988562e+01
2.022881551500181985e+01
2.024298248805089173e+01
