2.468038667484768666e+04
2.467626704802881432e+04
2.467186878883790632e+04
2.466412208146230842e+04
2.466174476071007666e+04
2.465736493245523161e+04
2.465471578395761389e+04
2.465262305298058709e+04
2.464960960013884323e+04
2.464699522414217427e+04
2.464249900161935147e+04
2.463821567715451602e+04
2.463172486390491758e+04
2.462383592487996066e+04
2.462179941659873293e+04
2.461729687728388308e+04
2.461511396815014450e+04
2.461046115420490241e+04
2.460759201174024201e+04
2.458677712543788221e+04
2.456402904288912396e+04
2.454717002007677002e+04
2.453538245653992635e+04
2.451732279701320658e+04
2.449739569727659546e+04
2.447711079274882650e+04
2.446120930747191233e+04
2.445011436750134817e+04
2.443496147961365932e+04
2.440063046162940373e+04
2.437786027330824800e+04
2.435431781044707168e+04
2.434875588956203501e+04
2.430157029490183413e+04
2.427518159303676293e+04
2.424478074752049361e+04
2.421412832663711379e+04
2.417645406299027309e+04
2.413839560696346598e+04
2.411764853848702114e+04
2.406365467835797244e+04
2.400914257725447533e+04
2.400103584990374657e+04
2.398190546232435736e+04
2.395922737580002286e+04
2.392983712467459918e+04
2.389551440047951837e+04
2.386122793910136897e+04
2.382649485804914366e+04
2.379186593132468624e+04
2.377775541027376312e+04
2.375872650465609695e+04
2.374252462493669009e+04
2.370777965372445760e+04
2.367277801296527105e+04
2.363800500658860619e+04
2.360333243991640848e+04
2.356858131596884050e+04
2.354093048993318735e+04
2.353399267051286006e+04
2.352491658580907460e+04
2.347384201628330266e+04
2.343479704038295313e+04
2.339591311446697728e+04
2.335717955155667369e+04
2.331864787976314256e+04
2.328445883081393913e+04
2.325041675808690343e+04
2.319969307916002799e+04
2.318058363735106832e+04
2.315629143883966390e+04
2.312076417131080962e+04
2.308267623686876323e+04
2.304220608381805869e+04
2.299979166172672558e+04
2.295900542243911696e+04
2.291841137603433162e+04
2.288119749035660789e+04
2.284418917303157286e+04
2.280715619561280982e+04
2.277016218100710830e+04
2.273334213170834482e+04
2.269644371355391922e+04
2.265975672142844633e+04
2.262295567715814468e+04
2.259664740006428110e+04
2.253984832978891063e+04
2.248330084870002247e+04
2.243772886333055794e+04
2.238717430842902104e+04
2.233686441672734873e+04
2.228270821033447646e+04
2.227337654943403322e+04
2.221161917259321126e+04
2.218660181810516588e+04
2.215838057530767401e+04
