2.000000017622095783e+01
2.000248282405696187e+01
2.000499700076956344e+01
2.000754417736899171e+01
2.001012415283793899e+01
2.001273679488647161e+01
2.001538195278675403e+01
2.001805947921907602e+01
2.002076921521434372e+01
2.002351099321451500e+01
2.002628462619259864e+01
2.002908991989402665e+01
2.003192667703861929e+01
2.003479468670681030e+01
2.003769372018879835e+01
2.004062354143124480e+01
2.004358391069970224e+01
2.004657456885519906e+01
2.004959522973854291e+01
2.005264568234294842e+01
2.005572408232731618e+01
