1.125011187972792868e+03
1.126184148072198241e+03
1.127716164100513879e+03
1.128870183411053176e+03
1.129888079560219467e+03
1.130989700478171471e+03
1.131994985772986865e+03
1.132844251269411643e+03
1.133812953420170743e+03
1.134842020432519121e+03
1.135753647861885838e+03
1.137343988999463591e+03
1.138192708358801156e+03
1.139044659096108944e+03
1.140039533609592354e+03
1.140803436083881024e+03
1.142071565743221072e+03
1.142817610646073717e+03
1.143745182053015469e+03
1.144428757628666290e+03
