1.327035779194560064e+03
1.329795172682731618e+03
1.333410102397592937e+03
1.336141668310358682e+03
1.338557453496491917e+03
1.341179055118803035e+03
1.343578158220871501e+03
1.345610179622573014e+03
1.347934122142341039e+03
1.350410398958952328e+03
1.352610870651006508e+03
1.356465864790916385e+03
1.358532151548053889e+03
1.360612997885261166e+03
1.363051878105257629e+03
1.364931445009375011e+03
1.368065770636620755e+03
1.369918458907466402e+03
1.372231617746838083e+03
1.373943570653268125e+03
