1.417594506776439722e+01
1.418010226991707157e+01
1.418479224184914322e+01
1.418865361427823224e+01
1.419352602059473334e+01
1.419633971198228473e+01
1.419893553316167534e+01
1.420273275470474061e+01
1.420502345087330376e+01
1.420831985382306684e+01
1.421041009366316743e+01
1.421252191877527515e+01
1.421429920613738673e+01
1.421788246642839226e+01
1.421969381550970546e+01
1.422126899377161635e+01
1.422249726436807116e+01
1.422355443399256103e+01
1.422442984633106988e+01
1.422535297248676045e+01
1.422593995203291151e+01
1.422641932236076734e+01
1.422683708938921399e+01
1.422710448534852823e+01
1.422719112063096780e+01
1.422710601526280705e+01
1.422674356768160209e+01
1.422623573769280370e+01
