2.400762955801149474e+03
2.399468853431181742e+03
2.398779120027766567e+03
2.397988200605934253e+03
2.397187052546271843e+03
2.396693932835698433e+03
2.396122895279729164e+03
2.395204409274777390e+03
2.394702051993158875e+03
2.394287585750910694e+03
2.393851075096962177e+03
2.393446761105432870e+03
2.393156142469075803e+03
2.392872317613482210e+03
2.392507372175122327e+03
2.392279368572927524e+03
2.392071527801867433e+03
2.391884027216542108e+03
2.391716171854478944e+03
2.391560420193552545e+03
2.391424803699123004e+03
2.391353778483702627e+03
2.391292134736211665e+03
2.391267273684964493e+03
2.391284115597758955e+03
2.391383651447569264e+03
2.391498939652794888e+03
2.391762352867196569e+03
