1.404186714068625008e+01
1.405938578734783917e+01
1.408223520887228553e+01
1.409942184184673053e+01
1.411456235387068681e+01
1.413092733403913925e+01
1.414584137081636150e+01
1.415842531765077972e+01
1.417276096095275051e+01
1.418796785994393694e+01
1.420141936410587924e+01
1.422483789179642066e+01
1.423730929861448935e+01
1.424980853788578017e+01
1.426437837845882939e+01
1.427554539028305491e+01
1.429404193070645590e+01
1.430489780315258130e+01
1.431836669516059146e+01
1.432827128721876164e+01
