2.093231784712767052e+01
2.110130992533149552e+01
2.113625708599297326e+01
2.094369543984297266e+01
2.086585275529560590e+01
2.076709496860745574e+01
2.075343310434135446e+01
2.077125238983351352e+01
2.083611307305026727e+01
2.091224074843501413e+01
2.102092421944957934e+01
2.104279801416409512e+01
2.098129987616540504e+01
2.092980804657304006e+01
2.092747968879414344e+01
2.093827906537606509e+01
2.094911604650449632e+01
2.097680164846912376e+01
2.099391531532227262e+01
2.106154473295259066e+01
2.105905027587003531e+01
2.105030875294765735e+01
2.105509011321047197e+01
2.108605597087185046e+01
2.113798417331099344e+01
2.117548572272111329e+01
2.118060105065953991e+01
2.117457276792373477e+01
2.116493163444645731e+01
2.119005861560430404e+01
2.123672265533365433e+01
2.127299927309139704e+01
2.127673517879001963e+01
2.124762420638641203e+01
2.123426467325400679e+01
2.126434689898193398e+01
2.132681270542617824e+01
2.137811407115217577e+01
2.137855418672269536e+01
2.138025505614915645e+01
2.146968741665112290e+01
2.158039583166148390e+01
2.158549766559507788e+01
2.158474420116239401e+01
2.156980605295418130e+01
2.155544568784481640e+01
2.157661896553181080e+01
2.162655364474816011e+01
2.166171276688669778e+01
2.166085039842705129e+01
2.165472270029151858e+01
2.164760341639435026e+01
2.164603825698582895e+01
2.166152737803226103e+01
2.169232111946438835e+01
2.171870049241627498e+01
2.173406817419266090e+01
2.174141357702968236e+01
2.174291268497547236e+01
2.174285960524091266e+01
2.174272586875106228e+01
2.175386181511047923e+01
2.179698969525751551e+01
2.186119571200327627e+01
2.190616082764868011e+01
2.192177181735398506e+01
2.194536045745667963e+01
2.200315192362816674e+01
2.209513762104215573e+01
2.210943833807190373e+01
2.211128130745234088e+01
2.210747350125087962e+01
2.213441737470206760e+01
2.219684646220778035e+01
2.225429877141890245e+01
2.227154756388970469e+01
2.226436746429759950e+01
2.227215169469981859e+01
2.231272219365114751e+01
2.236992898161053844e+01
2.240900511847540955e+01
2.241216487580188854e+01
2.239812946171539920e+01
2.240469839757880877e+01
2.245098464481538869e+01
2.249815581062516046e+01
2.257088401621243889e+01
2.257189955169808471e+01
2.259924624091906153e+01
2.271833573235432979e+01
2.284904002250763000e+01
2.287193171477061071e+01
2.286392408429659184e+01
2.284042866161126994e+01
2.289860651915421030e+01
2.303759327285792224e+01
