2.844181979659896342e+01
2.849296216241064172e+01
2.852271085898759750e+01
2.855935948707564975e+01
2.859973019907017289e+01
2.862649218330380307e+01
2.865962654512695806e+01
2.871882100773823154e+01
2.875506268054413184e+01
2.878757927343381695e+01
2.882497991071377541e+01
2.886324175996494290e+01
2.889346434884667758e+01
2.892576707254362844e+01
2.897264495639984361e+01
2.900609296858725727e+01
2.904052540429572460e+01
2.907614913614386865e+01
2.911352501981096097e+01
2.915580084775633551e+01
2.920408231571837021e+01
2.923888338577096491e+01
2.928555455687363462e+01
2.933295709807741503e+01
2.938831921976488459e+01
2.946447549501432306e+01
2.951618979552159416e+01
2.959987480225941781e+01
