6.328079571118459171e+03
6.305969629542643816e+03
6.285844816594076292e+03
6.269328803111519846e+03
6.254245169113052725e+03
6.234299706205917573e+03
6.213837745434336284e+03
6.189085174911996546e+03
6.164148182201384770e+03
6.148531522050519015e+03
6.122112012934394443e+03
6.105624297236854545e+03
6.085993404708311573e+03
6.067293617060718134e+03
6.039854052839076758e+03
5.999908557474123882e+03
5.977448713426758331e+03
5.959112076331502976e+03
5.939427963826070481e+03
5.913437384772417317e+03
5.891379334737450336e+03
5.871381404354920051e+03
5.832465259231558775e+03
5.810836293553126779e+03
5.769926843782678588e+03
