1.355340085578952802e+01
1.356792050034573727e+01
1.358465765742834286e+01
1.359876508591181121e+01
1.361706485843764369e+01
1.362792958617201933e+01
1.363817851035214268e+01
1.365362764731561462e+01
1.366325693576014366e+01
1.367761381726659309e+01
1.368708630518375635e+01
1.369701420286037319e+01
1.370570629974646693e+01
1.372447899472489219e+01
1.373485362182396408e+01
1.374459147727463559e+01
1.375283507186876975e+01
1.376058493969057572e+01
1.376767231246646084e+01
1.377618731647732631e+01
1.378254268706446695e+01
1.378875325233262927e+01
1.379580362462544585e+01
1.380294299235205102e+01
1.380952623335196172e+01
1.381586211339397963e+01
1.382347965726899020e+01
1.382930142297961851e+01
