1.879615204494868522e+03
1.837012352727345387e+03
1.814370922092311275e+03
1.788474226639734979e+03
1.762327550776256658e+03
1.746283869453811121e+03
1.727761179338692500e+03
1.698122594835260770e+03
1.682013132133345152e+03
1.668790530050411462e+03
1.654947135977497510e+03
1.642219470004501090e+03
1.633142021529009298e+03
1.624349640698239682e+03
1.613183989039093603e+03
1.606316916503630409e+03
1.600160195621888533e+03
1.594725257565369247e+03
1.590003170598777615e+03
1.585820176586831394e+03
1.582477888321971477e+03
1.580976258440810852e+03
1.580103544264743505e+03
1.580498877934173152e+03
1.582518324130075825e+03
1.587889290361144276e+03
1.593156011865184610e+03
1.604288149634494403e+03
