1.999999978817355384e+01
2.000112781036549947e+01
2.000228251849240024e+01
2.000347516163090589e+01
2.000471745844010485e+01
2.000602129347438307e+01
2.000739872245139850e+01
2.000886192078820613e+01
2.001042314957401658e+01
2.001209472635418152e+01
2.001388897881388118e+01
2.001581819612174939e+01
2.001789460522661201e+01
2.002013030957348150e+01
2.002253726305331938e+01
2.002512722264009071e+01
2.002791170978206736e+01
2.003090196166248305e+01
2.003410889281282437e+01
2.003754305844498873e+01
2.004121461220002942e+01
2.004513326718685207e+01
2.004930826404802602e+01
2.005374833526207823e+01
2.005846166103921391e+01
2.006345584029708817e+01
2.006873786509634527e+01
2.007431408840188425e+01
2.008019019765950475e+01
2.008637118509195574e+01
2.009286133359966797e+01
2.009966419142408611e+01
2.010678256224350946e+01
2.011421847644201577e+01
2.012197318780297195e+01
2.013004716299513319e+01
2.013844007023392635e+01
2.014715078273524185e+01
2.015617734899462121e+01
2.016551709616703292e+01
2.017516540791659807e+01
