8.257788956939701166e+03
8.283669367512615281e+03
8.298741114658974766e+03
8.317324961033393265e+03
8.337815700726063369e+03
8.351409691116445174e+03
8.368251572241186295e+03
8.398367827621153992e+03
8.416823115571798553e+03
8.433391569369638091e+03
8.452459812840092127e+03
8.471978882719868125e+03
8.487404761785370283e+03
8.503899811723584207e+03
8.527850569460670158e+03
8.544948770150660494e+03
8.562557668624627695e+03
8.580783457010144048e+03
8.599913707525389327e+03
8.621561401589329762e+03
8.646296086199090496e+03
8.664132170357121140e+03
8.688061209500225232e+03
8.712375730696721803e+03
8.740785773513278400e+03
8.779887937048468302e+03
8.806453721074773057e+03
8.849464319269169209e+03
