1.838338342073154763e+01
1.853510804530268885e+01
1.856906033658525601e+01
1.840537398762569765e+01
1.833877207542541754e+01
1.825557285029250920e+01
1.824599054959894318e+01
1.826375748858528070e+01
1.832412281363558293e+01
1.839421823651903765e+01
1.849579698826579133e+01
1.852159898367871449e+01
1.847688207332487664e+01
1.844218625816401769e+01
1.844305420602775669e+01
1.845920084977730724e+01
1.847194800043061846e+01
1.850296912814621209e+01
1.852199741837673130e+01
1.860725119549156403e+01
1.863008904672925325e+01
1.864138020963683218e+01
1.865888986219520618e+01
1.870602557343964634e+01
1.877332353634212225e+01
1.882813156662154341e+01
1.884973804707376033e+01
1.885651692449779304e+01
1.886457621489286041e+01
1.892284324227400916e+01
1.898750019996195704e+01
1.904404641319666425e+01
1.905315000381417789e+01
1.907642453972154328e+01
1.909180055409928656e+01
1.914962299196180240e+01
1.923642233369642440e+01
1.932087785234264032e+01
1.936126850389209864e+01
1.938467585426463557e+01
1.952079286567140670e+01
1.967704664011593607e+01
1.969037313653197785e+01
1.971064356304648157e+01
1.972244337749138765e+01
1.974233085695404100e+01
1.979922025141206987e+01
1.988180675517962115e+01
1.995247989852841286e+01
1.999187827928016148e+01
2.000299290211209779e+01
2.001910067257825787e+01
2.003686395674628784e+01
2.009189448753570062e+01
2.016133848204443169e+01
2.022722410255839165e+01
2.028362063096136936e+01
2.033283029799257591e+01
2.036769936612903109e+01
2.037599125017817059e+01
2.038673413689053149e+01
2.045683036652458853e+01
2.054007177260023909e+01
2.064099234623324364e+01
2.072398362108378933e+01
2.078026566085057425e+01
2.083844665571977472e+01
2.092629151257276376e+01
2.105966893146104013e+01
2.109085387053710292e+01
2.111580310985868891e+01
2.114557761658930346e+01
2.120278363802890809e+01
2.129182892386517523e+01
2.137691578781363333e+01
2.142507827984294622e+01
2.145148944606222585e+01
2.148797806811850819e+01
2.155313500495264734e+01
2.163279073667116847e+01
2.169631960965719486e+01
2.172800639266404943e+01
2.174430412943399915e+01
2.177852764004673247e+01
2.184757969334267713e+01
2.190902577752862967e+01
2.201612053230661559e+01
2.205978863774420518e+01
2.211816902648450522e+01
2.226113087591823358e+01
2.241427046823557134e+01
2.247547345621691051e+01
2.247546432307321496e+01
2.250137368770398183e+01
2.257157808112646080e+01
2.271548099676260790e+01
