2.216109410785684020e+01
2.212828801365601805e+01
2.211007558419816732e+01
2.208845083271125276e+01
2.206559786773483012e+01
2.205097279676482813e+01
2.203341078861967972e+01
2.200344033663580845e+01
2.198591934456113961e+01
2.197069992450428799e+01
2.195374979289358208e+01
2.193699278321882318e+01
2.192415356232080725e+01
2.191080069858880108e+01
2.189207120995260780e+01
2.187915475447551472e+01
2.186622925753809454e+01
2.185323675530000287e+01
2.184000386390065884e+01
2.182550718812089130e+01
2.180953474253889368e+01
2.179839095592789988e+01
2.178391029658338240e+01
2.176972400802003804e+01
2.175378918204311063e+01
2.173292380442952876e+01
2.171941375200371382e+01
2.169861283259090357e+01
