1.629864754226382928e+01
1.630857476017696683e+01
1.631595656505926684e+01
1.632654983197547338e+01
1.634000664394695335e+01
1.634989547406241783e+01
1.636314632194731189e+01
1.638941180304599143e+01
1.640702251550750645e+01
1.642374775257486874e+01
1.644401057877889372e+01
1.646581742070254251e+01
1.648377544160070940e+01
1.650365283269694672e+01
1.653369616367013961e+01
1.655595851660407547e+01
1.657956141915265391e+01
1.660468304782444093e+01
1.663177647420163296e+01
1.666329169837660018e+01
1.670036168856047709e+01
1.672776316847655309e+01
1.676536792861872982e+01
1.680452466763802022e+01
1.685142638677285731e+01
1.691789208689077739e+01
1.696424236876255165e+01
1.704120713638587148e+01
