5.133652178496548913e+03
5.092112996021859544e+03
5.067138387338266512e+03
5.035613767724909849e+03
4.999984417009473873e+03
4.975876406664979186e+03
4.945519096069664556e+03
4.889976036634594493e+03
4.855197180487639343e+03
4.823525970429785957e+03
4.786579695559406900e+03
4.748238405680026517e+03
4.717582766040402021e+03
4.684471980251911191e+03
4.635816687528220427e+03
4.600683202167111631e+03
4.564169488770359749e+03
4.526037798635315085e+03
4.485658714711962602e+03
4.439546551448540413e+03
4.386339331651594875e+03
4.347643493220944038e+03
4.295316162152534162e+03
4.241682522845429958e+03
4.178451988081530544e+03
4.090488082910760113e+03
4.030141278304373827e+03
3.931496946573553487e+03
