1.605043592528362595e+01
1.609126177316933237e+01
1.611525578024781780e+01
1.614504469240266715e+01
1.617813290727777797e+01
1.620021562919258074e+01
1.622771087859571537e+01
1.627722834868554003e+01
1.630777968452557047e+01
1.633533248681075989e+01
1.636718087661602183e+01
1.639992770810899358e+01
1.642590636372565882e+01
1.645377775955948962e+01
1.649440830020812143e+01
1.652352530758209070e+01
1.655360427513478072e+01
1.658483149176299420e+01
1.661770741401422313e+01
1.665502661827690289e+01
1.669781246224046356e+01
1.672875674166076720e+01
1.677038694691839993e+01
1.681281702557045321e+01
1.686255099661635981e+01
1.693126357318035957e+01
1.697810956690203810e+01
1.705421688213307618e+01
