1.969638072424138286e+01
1.974599047231076199e+01
1.980444257517528683e+01
1.985484726358103913e+01
1.992192188129755337e+01
1.996272481233373242e+01
2.000193866957439681e+01
2.006248299745443120e+01
2.010116235374330174e+01
2.016030553506769252e+01
2.020037687137009286e+01
2.024335254326419786e+01
2.028186675429633468e+01
2.036821028495633712e+01
2.041802082529295248e+01
2.046632303549820264e+01
2.050851696014274950e+01
2.054939248149064213e+01
2.058790622188879027e+01
2.063577180373756903e+01
2.067276158717378109e+01
2.071007633129079650e+01
2.075400352065269516e+01
2.080041394287719925e+01
2.084519106413901568e+01
2.089037358821972745e+01
2.094791942528927819e+01
2.099475967594447923e+01
