9.202838717534808666e+02
9.220510169345773193e+02
9.243228496279356250e+02
9.260055831933351556e+02
9.274683774749980785e+02
9.290277403706136283e+02
9.304281691571103465e+02
9.315936919188584397e+02
9.329025979199972198e+02
9.342679626830866937e+02
9.354548203399245949e+02
9.374710182607514071e+02
9.385169904281542586e+02
9.395445938999524742e+02
9.407146987650259007e+02
9.415900991315182864e+02
9.429961734683425902e+02
9.437941354992404968e+02
9.447539369091465460e+02
9.454369981819918394e+02
