1.997745321533368568e+01
1.999779615571582525e+01
2.001578234926429189e+01
2.003019777673079460e+01
2.004311031025096668e+01
2.005983948645592818e+01
2.007662143458908943e+01
2.009644703206470240e+01
2.011593541097154159e+01
2.012790944502538082e+01
2.014779001408373560e+01
2.015997089746773696e+01
2.017426075711409084e+01
2.018766813617979139e+01
2.020700098337275818e+01
2.023447204579532865e+01
2.024959256134281915e+01
2.026177429315559309e+01
2.027469549403666704e+01
2.029152076054628040e+01
2.030559974116034283e+01
2.031821198898510517e+01
2.034236329682880751e+01
2.035557347743424828e+01
2.038016916391108069e+01
