2.398782037040732362e+01
2.398479352297192335e+01
2.398388254229149652e+01
2.398355287372855926e+01
2.398413476704271829e+01
2.398503235524434984e+01
2.398667620363350750e+01
2.399098363781948606e+01
2.399442953647784194e+01
2.399801005031604717e+01
2.400267045017304213e+01
2.400800773932775911e+01
2.401261112374636042e+01
2.401789260502624401e+01
2.402618998637523617e+01
2.403254695367760974e+01
2.403945331383682671e+01
2.404696978673362651e+01
2.405524513933510633e+01
2.406506523590147140e+01
2.407685011111041362e+01
2.408570491705496863e+01
2.409803303946145192e+01
2.411106326914034881e+01
2.412689997214705073e+01
2.414971455310084281e+01
2.416584995767990307e+01
2.419299665143224232e+01
