3.993040986827616212e+00
3.993743632741417304e+00
3.994438724076478930e+00
3.995104860771060640e+00
3.995724378828566792e+00
3.996336755647812655e+00
3.996919401239675818e+00
3.997446641343021412e+00
3.997966286800125335e+00
3.998464534594933006e+00
3.998897446085035945e+00
3.999316376356583991e+00
3.999728063442027803e+00
4.000069220589358210e+00
4.000381274012941191e+00
4.000701835516104587e+00
4.000957134714210106e+00
4.001161134018633270e+00
4.001384044442708898e+00
4.001560135315438416e+00
4.001661645699206460e+00
4.001780604111735862e+00
4.001882387747471626e+00
4.001893568067841578e+00
4.001905620124839302e+00
4.001934988566884677e+00
4.001873247606107853e+00
4.001782351250644965e+00
4.001737662661894568e+00
4.001620865187109466e+00
4.001440622991455420e+00
4.001322871324875408e+00
4.001167579323274381e+00
4.000917815782901066e+00
4.000732551834182082e+00
4.000552409220186512e+00
4.000255698039465457e+00
4.000027117625107209e+00
3.999823916805745672e+00
3.999461836586385211e+00
4.000000085457556587e+00
