2.367085992248652104e+01
2.366931256347222501e+01
2.366744108409750780e+01
2.366614918690974889e+01
2.366509815772315051e+01
2.366405864264987713e+01
2.366320312560143080e+01
2.366255281582179393e+01
2.366189573231297416e+01
2.366130125867874412e+01
2.366086821214702951e+01
2.366033666973098804e+01
2.366017680440438653e+01
2.366010852333178605e+01
2.366015207650396590e+01
2.366028059667103278e+01
2.366068842867401756e+01
2.366104894991216767e+01
2.366163050296398396e+01
2.366215917220910470e+01
