1.789049296999533567e+01
1.804395885829990576e+01
1.808355616585364345e+01
1.793646582197443351e+01
1.787557542252973164e+01
1.780191727671996560e+01
1.779711286893452638e+01
1.781808642463349202e+01
1.788232094781916715e+01
1.795538996787894348e+01
1.806274498367943337e+01
1.809621012012479113e+01
1.806326910265968522e+01
1.804003662968671051e+01
1.804355140145866443e+01
1.806498754258099737e+01
1.807997886227274975e+01
1.811516930230180478e+01
1.813645173513438635e+01
1.823445823578698821e+01
1.826850713413883298e+01
1.828752000136269729e+01
1.830986218390221154e+01
1.836328064193756759e+01
1.843655418332999929e+01
1.849737599353256101e+01
1.852401886734873315e+01
1.853443357561392801e+01
1.854727271772849306e+01
1.861383649199060741e+01
1.868240069921561997e+01
1.874273984765094880e+01
1.875277837900351585e+01
1.878438614827545550e+01
1.880367462628601771e+01
1.886447377251087687e+01
1.895315585348299692e+01
1.904017780564570472e+01
1.908401496706389011e+01
1.910907491634630873e+01
1.924679341690486112e+01
1.940342365598566232e+01
1.941702781813147993e+01
1.943820473212502620e+01
1.945130378495865031e+01
1.947255573210013324e+01
1.952985165748705043e+01
1.961191285091733505e+01
1.968222159435712371e+01
1.972189233858675195e+01
1.973318045342943705e+01
1.974942122531028588e+01
1.976712614844942806e+01
1.982141076081064668e+01
1.988955206145642052e+01
1.995406354535968063e+01
2.000913178062481279e+01
2.005697625099355719e+01
2.009073972589428081e+01
2.009875239291228155e+01
2.010912548992222426e+01
2.017671442701912099e+01
2.025696781196269924e+01
2.035414128852557525e+01
2.043367725696751691e+01
2.048711522680382302e+01
2.054239282204890671e+01
2.062627499714820445e+01
2.075320279919273148e+01
2.078236119717167796e+01
2.080500685125729987e+01
2.083132046179111185e+01
2.088379009535053399e+01
2.096664651923736855e+01
2.104518535668730905e+01
2.108777010933698648e+01
2.110913415630026790e+01
2.114065106299750951e+01
2.119999083944439988e+01
2.127333352667942634e+01
2.133089854524046558e+01
2.135744244810081227e+01
2.136899836323059887e+01
2.139795655552690690e+01
2.146071514386591161e+01
2.151731110128775626e+01
2.161445699416266208e+01
2.164985565022800174e+01
2.170094402083548957e+01
2.183360008390318185e+01
2.197605381247846168e+01
2.202851910881637565e+01
2.202730133546726421e+01
2.204454747383413249e+01
2.210959614362610282e+01
2.224586739713018702e+01
