8.909018350227548581e+03
8.901130380338574469e+03
8.891938185213901306e+03
8.884100883459426768e+03
8.873801566482201451e+03
8.867609695422819641e+03
8.861711870343342525e+03
8.852708794548281730e+03
8.847023136070147302e+03
8.838430147117844172e+03
8.832678076106323715e+03
8.826572566304572319e+03
8.821157219641718257e+03
8.809212745462940802e+03
8.802447083217883119e+03
8.795974874478497441e+03
8.790393300539486518e+03
8.785050968416000615e+03
8.780076268025892205e+03
8.773974154165220170e+03
8.769320283626077071e+03
8.764680617392392378e+03
8.759290362695794101e+03
8.753680391123241861e+03
8.748351558065372956e+03
8.743058762048269273e+03
8.736441808753941586e+03
8.731159809537250112e+03
