6.087581060716455994e+00
6.087725368026668527e+00
6.087870706094722806e+00
6.088018511773660713e+00
6.088167821209627739e+00
6.088319060665288163e+00
6.088472780395406403e+00
6.088627653298291698e+00
6.088784601351284742e+00
6.088944069314040419e+00
6.089104445854677472e+00
6.089267111328172888e+00
6.089432217150303472e+00
6.089597982697808831e+00
6.089766233834395415e+00
6.089936818130389007e+00
6.090107905255292664e+00
6.090281706647128424e+00
6.090457711864337931e+00
6.090634006811913359e+00
6.090813103369115744e+00
6.090994200194953301e+00
6.091175504658337125e+00
6.091359872326307823e+00
6.091546031613325418e+00
6.091732213484743141e+00
6.091921608382052433e+00
6.092112505683619617e+00
6.092303413744640572e+00
6.092497857153746033e+00
6.092693350424238652e+00
6.092888755910451870e+00
6.093087954132623274e+00
6.093287585632731762e+00
6.093487344895473612e+00
6.093691228678082439e+00
6.093894537070006834e+00
6.094098994753982090e+00
6.094307199398476982e+00
6.094511450079782122e+00
6.094756028624378708e+00
