9.829546875994877837e+02
9.841595130115002803e+02
9.858470217712474550e+02
9.872078925663590780e+02
9.884756170569316964e+02
9.899222124601666337e+02
9.913131927623752517e+02
9.925434481688118922e+02
9.940112044627672958e+02
9.956492795020584481e+02
9.971716754753257419e+02
9.999980090035249987e+02
1.001600615080395869e+03
1.003279525280955113e+03
1.005333971834458225e+03
1.006983853640953384e+03
1.009870859969888897e+03
1.011661123220833247e+03
1.013988502834408791e+03
1.015779887641446408e+03
