1.251326039491604192e+01
1.251803451218159502e+01
1.252268228918502047e+01
1.252720372592620635e+01
1.253159882240498213e+01
1.253586757862109913e+01
1.254000999457424470e+01
1.254402607026403338e+01
1.254791580569000864e+01
1.255167920085164113e+01
1.255531625574834642e+01
1.255882697037944951e+01
1.256221134474421852e+01
1.256546937884183990e+01
1.256860107267145032e+01
1.257160642623208524e+01
1.257448543952275344e+01
1.257725621073132238e+01
1.257989893533945214e+01
1.258241361334589392e+01
1.258480024474932257e+01
1.258705882954834365e+01
1.258918936774148811e+01
1.259119185932720875e+01
1.259306630430390150e+01
