2.036454542754571762e+01
2.052413517404178833e+01
2.055266348020334632e+01
2.035438523441591840e+01
2.027472872373317614e+01
2.017054392892415393e+01
2.015163639606291923e+01
2.016404020245149198e+01
2.021924993282043559e+01
2.028592823814487289e+01
2.037847521892034308e+01
2.038750715718262541e+01
2.031430397943352872e+01
2.025339210126048783e+01
2.024876724067090095e+01
2.025480191252827922e+01
2.026362627265111627e+01
2.028788432991770563e+01
2.030347412427751408e+01
2.036965573004936303e+01
2.037427129892170186e+01
2.037264022345860326e+01
2.038225538017529459e+01
2.041958129494692642e+01
2.047746973308367302e+01
2.052113631991232978e+01
2.053176404608598205e+01
2.052992899253305126e+01
2.052606981428861488e+01
2.056214417668063987e+01
2.061457165664320712e+01
2.065674335780509452e+01
2.066194473554839917e+01
2.064598601665627342e+01
2.063913770136755588e+01
2.067478717849931513e+01
2.074136431215842435e+01
2.079788138270660980e+01
2.080459489669112472e+01
2.080940557381064693e+01
2.090314168189397392e+01
2.101567656086617575e+01
2.102126410547028357e+01
2.102193803175053333e+01
2.100892642427172063e+01
2.099655055095173140e+01
2.101822515498978916e+01
2.106698127169890356e+01
2.110068841095409553e+01
2.109887949554157061e+01
2.109236905787935612e+01
2.108450839173626790e+01
2.108197628179519967e+01
2.109413626532786168e+01
2.112029777473498982e+01
2.114185574977045690e+01
2.115291977789121702e+01
2.115667120497426268e+01
2.115589394680926105e+01
2.115536270135762109e+01
2.115466441130597985e+01
2.116394925324887666e+01
2.120705565425317118e+01
2.127243444547782758e+01
2.132012311930854409e+01
2.134007649901093018e+01
2.136849975327475804e+01
2.143201614339416139e+01
2.153607063619062600e+01
2.155659429793952597e+01
2.156798652917422388e+01
2.158080992941602005e+01
2.162742229729656884e+01
2.171228924619559919e+01
2.179498000021330384e+01
2.183845946941652016e+01
2.185824381580098574e+01
2.189004340320363795e+01
2.195364721075415559e+01
2.203353528680491991e+01
2.209592107986910747e+01
2.212337919855903579e+01
2.213399445260659348e+01
2.216454339540069540e+01
2.223374911004690091e+01
2.229678117400251125e+01
2.240498753332751747e+01
2.244345845884436130e+01
2.250010653499930413e+01
2.264933404690246022e+01
2.280999246952879034e+01
2.286868828086505800e+01
2.286716668216000770e+01
2.288571311340474068e+01
2.295902584560834114e+01
2.311300166112165755e+01
