2.115939908999722618e+01
2.115168200753535288e+01
2.114550403589952055e+01
2.114098522150762705e+01
2.113726157115466364e+01
2.113288888780306607e+01
2.112901010142540414e+01
2.112507651423211996e+01
2.112188750646652480e+01
2.112025819167177332e+01
2.111810267482911385e+01
2.111711822477025891e+01
2.111628627184310503e+01
2.111582045963239551e+01
2.111568077829963386e+01
2.111655141686557968e+01
2.111756028070205105e+01
2.111864396695538559e+01
2.112005578186807853e+01
2.112229602538414497e+01
2.112451731518279985e+01
2.112677343348042669e+01
2.113178981489484087e+01
2.113491732248430210e+01
2.114145563190912114e+01
