2.461616932107937828e+03
2.461850663963489751e+03
2.462688853748736165e+03
2.464376509179362074e+03
2.467016604100356290e+03
2.469189759389750179e+03
2.472320487356291324e+03
2.479046354362692455e+03
2.483832592804720662e+03
2.488530853150600251e+03
2.494382812077413746e+03
2.500840252736898947e+03
2.506261180539513134e+03
2.512353780862291842e+03
2.521718433484617435e+03
2.528761132618013107e+03
2.536310532842799603e+03
2.544427880966029988e+03
2.553266123440052525e+03
2.563643100569750914e+03
2.575965090431280714e+03
2.585144515755929660e+03
2.597829351749155194e+03
2.611133566640005938e+03
2.627182924199125409e+03
2.650111359577289477e+03
2.666212481740098610e+03
2.693123893670014695e+03
