5.159753010977151462e+03
5.155012077937312824e+03
5.149508954989191807e+03
5.144836238825478176e+03
5.138723974243483099e+03
5.135065542886638468e+03
5.131592668923239216e+03
5.126314497414559810e+03
5.122996267357465513e+03
5.118004519316054029e+03
5.114679412429042713e+03
5.111164985951419112e+03
5.108061273297780644e+03
5.101262770482010637e+03
5.097442553055807366e+03
5.093810148672903779e+03
5.090695858592459444e+03
5.087731677052307532e+03
5.084986771185708676e+03
5.081640932284973132e+03
5.079105602376842398e+03
5.076592858954447365e+03
5.073693138999967232e+03
5.070698710517115614e+03
5.067877828958581631e+03
5.065100040387602348e+03
5.061663230617426962e+03
5.058950449331225173e+03
