8.714948633170624817e+03
8.698219599531770655e+03
8.684662015743822849e+03
8.674623221242922227e+03
8.666250607600626608e+03
8.656266675657614542e+03
8.647221940979374267e+03
8.637777059509277024e+03
8.629788520179381521e+03
8.625511299078987577e+03
8.619460708337372125e+03
8.616396378696648753e+03
8.613418955443872619e+03
8.611227223725847580e+03
8.609084012692464967e+03
8.608082739779307303e+03
8.608544301053481831e+03
8.609434113294511917e+03
8.610879537916171103e+03
8.613530029479261430e+03
8.616410793589642708e+03
8.619500487064455228e+03
8.626747932986452724e+03
8.631445674734224667e+03
8.641559884080092161e+03
