1.647824763413183291e+01
1.650643127571714786e+01
1.652268046130449974e+01
1.654256343208140478e+01
1.656430470723162429e+01
1.657862990774863476e+01
1.659627538100708222e+01
1.662756540930962501e+01
1.664658485609985661e+01
1.666356610751264711e+01
1.668300559764374569e+01
1.670279565782125530e+01
1.671836156142702023e+01
1.673493726280711869e+01
1.675888416688259142e+01
1.677589620133558768e+01
1.679334718849136721e+01
1.681133869903751332e+01
1.683014880404700619e+01
1.685134653705577534e+01
1.687545850149365378e+01
1.689277690053623360e+01
1.691592512917934954e+01
1.693934938663175060e+01
1.696660152520957965e+01
1.700391419560743245e+01
1.702914197495940840e+01
1.706978946717799062e+01
