1.390869806157984203e+04
1.391373501861432487e+04
1.391788489214107358e+04
1.392100730914887572e+04
1.392365171089952310e+04
1.392686523614876933e+04
1.392985000050418421e+04
1.393307085662086502e+04
1.393591804428884279e+04
1.393751209260534597e+04
1.393990006158242250e+04
1.394120495606351869e+04
1.394258381415016447e+04
1.394372940563229349e+04
1.394513096125866286e+04
1.394661942285455552e+04
1.394718946482171305e+04
1.394752123952346119e+04
1.394774970515249333e+04
1.394785810327210129e+04
1.394778566212922487e+04
1.394759548639751301e+04
1.394690375219591624e+04
1.394634485201987809e+04
1.394496766702674358e+04
