1.324328830340020957e+01
1.326234685279386305e+01
1.328438872541400784e+01
1.330303259334582044e+01
1.332731391649922692e+01
1.334178616768463854e+01
1.335547965293349293e+01
1.337620333442345277e+01
1.338917426965166690e+01
1.340859795671230259e+01
1.342147365771968204e+01
1.343502447728498161e+01
1.344693946577845800e+01
1.347285420661472166e+01
1.348729592493309504e+01
1.350094009603930267e+01
1.351256536900555894e+01
1.352356371450012595e+01
1.353368683219029833e+01
1.354594051369692664e+01
1.355515885280518340e+01
1.356423414267399608e+01
1.357462648474550271e+01
1.358526064880713058e+01
1.359518014534545394e+01
1.360484669296931770e+01
1.361665356770556023e+01
1.362584114694728754e+01
