6.956177255904269259e+03
6.936223851909518089e+03
6.913199678839977423e+03
6.893772046203404898e+03
6.868539805454771340e+03
6.853541103429159193e+03
6.839379145555084506e+03
6.818005046686248534e+03
6.804665372641477916e+03
6.784749224680695079e+03
6.771589413964955384e+03
6.757778851059524641e+03
6.745670985833706254e+03
6.719462673265620651e+03
6.704940116860472699e+03
6.691280304137379062e+03
6.679692485055616999e+03
6.668776353486331573e+03
6.658772460409285486e+03
6.646724002888994619e+03
6.637707999544044469e+03
6.628875847208429150e+03
6.618820444511541609e+03
6.608602478100464396e+03
6.599143830323702787e+03
6.590002008574443607e+03
6.578951359860863704e+03
6.570452967590468688e+03
