1.408620584030097334e+01
1.410604687542658731e+01
1.412762171643858977e+01
1.414464262795003968e+01
1.416498963592656324e+01
1.417606587251098027e+01
1.418577315923887383e+01
1.419893734231539284e+01
1.420617687183047551e+01
1.421546114249060189e+01
1.422051190764093143e+01
1.422480395258131125e+01
1.422765214055084115e+01
1.423056402356473882e+01
1.423002921108498597e+01
1.422794071263176718e+01
1.422483743843586979e+01
1.422068201793276820e+01
1.421572189583451973e+01
1.420813006845629189e+01
1.420116886242739085e+01
1.419317017021118410e+01
1.418248520609404295e+01
1.416968982272418565e+01
1.415586118481608224e+01
1.414041361805696440e+01
1.411853951260950879e+01
1.409889225282133474e+01
