3.086988560492080069e+03
3.091223365741711405e+03
3.096162874446956721e+03
3.100378320950278521e+03
3.105923897143161867e+03
3.109261223326292566e+03
3.112442518508670673e+03
3.117303608381653248e+03
3.120376631645890029e+03
3.125025855665880954e+03
3.128141395916312831e+03
3.131451486091444622e+03
3.134390198195402263e+03
3.140881848019494100e+03
3.144565250295516307e+03
3.148093482099896846e+03
3.151139990156701060e+03
3.154059368595642354e+03
3.156781027400643779e+03
3.160123885578876980e+03
3.162676779025859105e+03
3.165224964600360181e+03
3.168189441933795479e+03
3.171279635601125392e+03
3.174219844612394809e+03
3.177145158126365914e+03
3.180809791952195610e+03
3.183741462989713000e+03
