3.996947274001831030e+00
3.996768900962590632e+00
3.996822498218245645e+00
3.996916100802062388e+00
3.996766592793583595e+00
3.996809590774842214e+00
3.996926177146493675e+00
3.996787181157471558e+00
3.996803128028648455e+00
3.996948267261819510e+00
3.996825186234280736e+00
3.996821338080346120e+00
3.996991839091422083e+00
3.996883313099664381e+00
3.996873147214636379e+00
3.997069704416930769e+00
3.996950919663833535e+00
3.996971975724040949e+00
3.997174960922573295e+00
3.996884155291759111e+00
3.999707088127744115e+00
