4.312553770424678987e+03
4.325523839907697038e+03
4.340666867732606079e+03
4.353603134326465806e+03
4.370640365802197266e+03
4.380904279313919687e+03
4.390696268719684667e+03
4.405674229744689001e+03
4.415152918613113798e+03
4.429508953274527812e+03
4.439140159405952545e+03
4.449382816488916433e+03
4.458485277079871594e+03
4.478624281312409039e+03
4.490071699748313222e+03
4.501051592391464510e+03
4.510544494821941953e+03
4.519652296428800582e+03
4.528153399896446899e+03
4.538608823518926329e+03
4.546604346788173643e+03
4.554594933331919492e+03
4.563903807689211135e+03
4.573622925026619669e+03
4.582885766355862870e+03
4.592117452881293502e+03
4.603705836890595492e+03
4.612996490305429688e+03
