1.440019157177733611e+01
1.450574514919193270e+01
1.456496451021594396e+01
1.463588619771206467e+01
1.471158673109647097e+01
1.476045616345643197e+01
1.481959608778866766e+01
1.492173354828192799e+01
1.498219268607482313e+01
1.503518378354434049e+01
1.509474376422024733e+01
1.515421423889972274e+01
1.520019527218152788e+01
1.524841441236212347e+01
1.531676696541481064e+01
1.536441737532945417e+01
1.541254090385527675e+01
1.546137736572697285e+01
1.551161758640375332e+01
1.556726472232404568e+01
1.562935558389556512e+01
1.567318617684977866e+01
1.573080453898905873e+01
1.578802043900114782e+01
1.585325724270981418e+01
1.594035628199256571e+01
1.599785188726983165e+01
1.608823470423403634e+01
