2.444640163633686925e+01
2.444937896911607922e+01
2.445340746932640741e+01
2.445655214253049081e+01
2.445940858431198350e+01
2.446259154031980287e+01
2.446558316161896940e+01
2.446817818408324641e+01
2.447121730842231813e+01
2.447454260704460083e+01
2.447757588498398462e+01
2.448307674409990042e+01
2.448612810980711174e+01
2.448927726295551111e+01
2.449306995439549084e+01
2.449607099382879838e+01
2.450123469597337333e+01
2.450438523296170601e+01
2.450842695474055688e+01
2.451149906293122172e+01
