1.331361795103412859e+01
1.332333199404283697e+01
1.332983288696994073e+01
1.333863486088008088e+01
1.334927659857700455e+01
1.335684333971393833e+01
1.336674479290877571e+01
1.338580555081268919e+01
1.339828480527268972e+01
1.340997058998095248e+01
1.342395413282658190e+01
1.343882971599428977e+01
1.345096760757080823e+01
1.346430247288609650e+01
1.348428749020749606e+01
1.349898410628590817e+01
1.351447586222658437e+01
1.353087507547263257e+01
1.354847038688619065e+01
1.356883265993838883e+01
1.359265778752213016e+01
1.361019145191229107e+01
1.363415902971194349e+01
1.365901153331626006e+01
1.368865615361402099e+01
1.373046579052030758e+01
1.375950041387224410e+01
1.380752170957266323e+01
