1.427002733030551340e+01
1.427131505759085073e+01
1.427298385030709760e+01
1.427467697954973858e+01
1.427645995660865630e+01
1.427914114327004569e+01
1.428224810437005843e+01
1.428645176097387193e+01
1.429114095635715564e+01
1.429429340461950027e+01
1.429997923881657051e+01
1.430373935344529990e+01
1.430841594360554581e+01
1.431306245958134937e+01
1.432019982817441672e+01
1.433122049725204938e+01
1.433772181857376005e+01
1.434318223939730608e+01
1.434918977024822873e+01
1.435734276407816346e+01
1.436444998460478573e+01
1.437103562940182222e+01
1.438421874428745184e+01
1.439174496063720099e+01
1.440634578197878213e+01
