1.222721300741937512e+03
1.223084888825819007e+03
1.223378674725789324e+03
1.223817365578973750e+03
1.224392138183381121e+03
1.224822730937217102e+03
1.225407429384352326e+03
1.226584744778696404e+03
1.227383874483776481e+03
1.228148206500363585e+03
1.229079843696204534e+03
1.230088096966152989e+03
1.230922036079052759e+03
1.231848360883167743e+03
1.233253941762325667e+03
1.234299134781046178e+03
1.235410178016346435e+03
1.236595608737545945e+03
1.237877037233260353e+03
1.239370996705870766e+03
1.241132366300692183e+03
1.242436850826952650e+03
1.244230155613411398e+03
1.246100851492855327e+03
1.248345567170544882e+03
1.251533118100733645e+03
1.253759920015669195e+03
1.257463716653506481e+03
