2.298879043278265726e+03
2.307077683958477337e+03
2.316434800983347486e+03
2.324237633128474954e+03
2.334234120572504253e+03
2.340096587056099906e+03
2.345573228152867614e+03
2.353722575192266504e+03
2.358732220852867613e+03
2.366092339948310382e+03
2.370870797221808516e+03
2.375806631089818893e+03
2.380062349695224839e+03
2.389019568945774608e+03
2.393814828053550627e+03
2.398201145560579789e+03
2.401817921760179615e+03
2.405128640174213160e+03
2.408072542738821994e+03
2.411491497684570732e+03
2.413949764712637716e+03
2.416265607652258495e+03
2.418778673142760454e+03
2.421180735209230988e+03
2.423249030054361810e+03
2.425085109657379689e+03
2.427054068636666216e+03
2.428347193351587521e+03
