2.432523110178588510e+01
2.433315616171418938e+01
2.434344233536549140e+01
2.435113950086638823e+01
2.435789038101798809e+01
2.436515406769870040e+01
2.437174219206245596e+01
2.437727644028543850e+01
2.438355228492647342e+01
2.439017431364304045e+01
2.439600004748568907e+01
2.440606600982394525e+01
2.441138425003473245e+01
2.441668276877826926e+01
2.442281671870643578e+01
2.442748537776420648e+01
2.443515135081309353e+01
2.443960898592119335e+01
2.444509344975140408e+01
2.444909184138624880e+01
