1.613166436488945976e+01
1.626933521224274415e+01
1.630393852163140522e+01
1.616887178945385983e+01
1.611320417912133962e+01
1.604553875175442812e+01
1.604058880288832256e+01
1.605909631926746783e+01
1.611658097310122528e+01
1.618224350109168341e+01
1.627901518630674360e+01
1.630966076996803693e+01
1.628139943139458623e+01
1.626294646420854306e+01
1.626694319868461491e+01
1.628837891826135831e+01
1.630302437504491664e+01
1.633731184856693730e+01
1.635815527350315080e+01
1.645894907992559197e+01
1.650325848888649460e+01
1.653109198571824479e+01
1.655878187666302637e+01
1.661819927819381348e+01
1.669636747703515667e+01
1.676326605905319056e+01
1.679665693476306032e+01
1.681263277592245942e+01
1.683319410289960416e+01
1.691271654270826374e+01
1.698710346168774876e+01
1.705442170068365826e+01
1.706649066267240400e+01
1.711991816037088299e+01
1.715087049218752213e+01
1.722115322246178337e+01
1.731655718980534431e+01
1.741368403229092721e+01
1.747176764749174893e+01
1.750437633659653969e+01
1.765431718310737352e+01
1.782105786669440306e+01
1.783707071369701325e+01
1.786495773386298325e+01
1.788710990245867904e+01
1.791956018744365053e+01
1.798658061368707095e+01
1.807575997708174498e+01
1.815440428281181084e+01
1.820522609377256984e+01
1.822149364381876424e+01
1.824430207244936497e+01
1.826716965024088069e+01
1.833079020427140549e+01
1.840690451196519817e+01
1.847960981029140015e+01
1.854372926103355468e+01
1.860122494310742880e+01
1.864292030581227522e+01
1.865294427906556862e+01
1.866594759871212972e+01
1.874736305858821339e+01
1.883546943250696160e+01
1.893877562359887889e+01
1.902585475648649549e+01
1.908906937617110700e+01
1.915228243069416791e+01
1.924143624027512089e+01
1.937561247595506586e+01
1.940906061869194232e+01
1.943861481670521485e+01
1.947575711274713228e+01
1.953730841740512503e+01
1.962715694648927567e+01
1.971367413326338536e+01
1.976714996386128931e+01
1.980133950033142298e+01
1.984328052829178191e+01
1.991029748407481748e+01
1.998995435049220148e+01
2.005532873637656266e+01
2.009259679821436961e+01
2.011622235857638330e+01
2.015550729550585629e+01
2.022533212886396825e+01
2.028574636460982816e+01
2.039366793465324434e+01
2.044567479219010053e+01
2.050786343252364929e+01
2.064551990470471310e+01
2.079198995231865865e+01
2.085846593855768560e+01
2.086062471206972191e+01
2.089769030248358561e+01
2.096518692227794034e+01
2.109819860997048835e+01
