2.100727854035057618e+01
2.101498820845240800e+01
2.102159701824636073e+01
2.102675449747389180e+01
2.103126994912327419e+01
2.103697467070708527e+01
2.104253393430596475e+01
2.104889260735190959e+01
2.105492494430885486e+01
2.105852505937494357e+01
2.106432539353649958e+01
2.106777102082487119e+01
2.107170924473980378e+01
2.107530292135657035e+01
2.108031356421686908e+01
2.108708924283884656e+01
2.109064816204503856e+01
2.109342816064783932e+01
2.109629245039569767e+01
2.109989278879970342e+01
2.110279384165169958e+01
2.110530694870277557e+01
2.110989520094195271e+01
2.111228133988014832e+01
2.111649373922932682e+01
