1.460135374273035495e+03
1.457842522184414747e+03
1.455366137560275320e+03
1.453428476682292739e+03
1.451137636730106578e+03
1.449906595426198010e+03
1.448840598092147729e+03
1.447422485708947079e+03
1.446662706732809738e+03
1.445723950104929600e+03
1.445242736939876522e+03
1.444867128726343935e+03
1.444655195851491953e+03
1.444613881810596240e+03
1.444866649096172978e+03
1.445307834685391299e+03
1.445852956383207584e+03
1.446524564998718233e+03
1.447287860058517936e+03
1.448414761345073430e+03
1.449422294750005221e+03
1.450560619690489830e+03
1.452059138302756992e+03
1.453830511969466443e+03
1.455724837345892411e+03
1.457822874678397511e+03
1.460769722740275029e+03
1.463398475774647977e+03
