1.809410163971312386e+03
1.822214805307015695e+03
1.829585793017653032e+03
1.838594335707967502e+03
1.848431859391069338e+03
1.854906666634737576e+03
1.862874783427339253e+03
1.876985159528937402e+03
1.885550666147308220e+03
1.893191322363610197e+03
1.901930322028783621e+03
1.910818756629890004e+03
1.917804387762310853e+03
1.925237968474870058e+03
1.935968069593761584e+03
1.943584434387257261e+03
1.951392013817959878e+03
1.959435968063794689e+03
1.967840173100341872e+03
1.977304344471501054e+03
1.988061170696993258e+03
1.995781877680334219e+03
2.006094795696911888e+03
2.016523045405862604e+03
2.028646106170050416e+03
2.045228993945433558e+03
2.056431210567187463e+03
2.074464619595511522e+03
