4.006214595752752672e+01
4.006586934323167526e+01
4.006963261188205649e+01
4.007343646774067736e+01
4.007728003947132578e+01
4.008116261367234046e+01
4.008508349830820094e+01
4.008904198760051685e+01
4.009303740442577180e+01
4.009706902212646185e+01
4.010113612820435947e+01
4.010523795734970776e+01
4.010937374036323888e+01
4.011354268188164696e+01
4.011774395424011175e+01
4.012197672160847617e+01
4.012624009874498654e+01
4.013053319340521341e+01
4.013485507566804245e+01
4.013920479459450519e+01
4.014358138175678192e+01
4.014798382849176761e+01
4.015241111740774471e+01
4.015686218884096093e+01
4.016133596549005347e+01
4.016583134714559833e+01
4.017034718797106052e+01
4.017488234117482193e+01
4.017943560797088765e+01
4.018400577526435313e+01
4.018859159495877265e+01
4.019319177719868463e+01
4.019780501638012282e+01
4.020242994566353900e+01
4.020706520447208021e+01
4.021170936069892576e+01
4.021636097162847534e+01
4.022101853946009697e+01
4.022568052902720126e+01
4.023034544019176195e+01
4.023501027718387490e+01
