1.560827650549127021e+01
1.561125283590695112e+01
1.561375773119095989e+01
1.561568040689219750e+01
1.561733902333202906e+01
1.561939924384592970e+01
1.562136630720161179e+01
1.562356279597050879e+01
1.562558890183594507e+01
1.562676898919345092e+01
1.562862040459974367e+01
1.562968877044081317e+01
1.563087871976525278e+01
1.563193339716477048e+01
1.563334976756243222e+01
1.563515250236699927e+01
1.563604079000191049e+01
1.563670325610535272e+01
1.563735443936986336e+01
1.563812349215356257e+01
1.563869896084632849e+01
1.563916221677753882e+01
1.563991266625896692e+01
1.564024783251560358e+01
1.564073146412914639e+01
