1.423162037874744601e+04
1.423152025785908336e+04
1.423117089065694381e+04
1.423071593347744238e+04
1.423017737473859597e+04
1.422929702483485380e+04
1.422820860755741523e+04
1.422666049178010508e+04
1.422486468404620791e+04
1.422362783669677810e+04
1.422135203548466234e+04
1.421982168236900543e+04
1.421789578104185966e+04
1.421596153726331613e+04
1.421295732350829530e+04
1.420825616744403487e+04
1.420545440534080626e+04
1.420308764389788848e+04
1.420047113031533809e+04
1.419690155703436176e+04
1.419377442838555544e+04
1.419086542343619112e+04
1.418501345953079181e+04
1.418165743634505270e+04
1.417511971162230657e+04
