2.910944696868165948e+01
2.905525716977779283e+01
2.899411161980541252e+01
2.894375884024458045e+01
2.888020666343406262e+01
2.884349771936592433e+01
2.880962426848104485e+01
2.876005937579371619e+01
2.873014951006583217e+01
2.868709259096735664e+01
2.865977893500646090e+01
2.863217218148737331e+01
2.860892826108407760e+01
2.856202673293021022e+01
2.853829054993286718e+01
2.851762708570997518e+01
2.850149434270840132e+01
2.848758872220656713e+01
2.847605319151122316e+01
2.846385678057500712e+01
2.845607251699020424e+01
2.844968382537534524e+01
2.844406557879626263e+01
2.844038848486809101e+01
2.843906531383118619e+01
2.843996992987128181e+01
2.844442028471492634e+01
2.845080547962445294e+01
