1.520386734632681502e+01
1.520452756522547055e+01
1.520645826329697847e+01
1.520913588846702069e+01
1.521417191924091128e+01
1.521806763428300791e+01
1.522241122827383109e+01
1.523028362234842170e+01
1.523606155804827900e+01
1.524603819171060337e+01
1.525359042049467462e+01
1.526240934972295626e+01
1.527095116976684253e+01
1.529232200794277574e+01
1.530606687974292868e+01
1.532039949790900835e+01
1.533373748172543216e+01
1.534739357552111372e+01
1.536092878658749861e+01
1.537866336995880800e+01
1.539306823948283309e+01
1.540822403447580591e+01
1.542687699035536042e+01
1.544754776719127776e+01
1.546843984085736956e+01
1.549047632536057506e+01
1.551994934492777389e+01
1.554511764413937591e+01
