6.072640170655387010e+03
5.971598327318586598e+03
5.913357604486996934e+03
5.842106339209170983e+03
5.764212295947504572e+03
5.712897372388349140e+03
5.649698188007885619e+03
5.537653947100474397e+03
5.469563065331281905e+03
5.408777889177828911e+03
5.339203175287550948e+03
5.268384146995056653e+03
5.212688430183309720e+03
5.153386247923293922e+03
5.067724120555240006e+03
5.006877299804540598e+03
4.944467233802494775e+03
4.880131034375655872e+03
4.812874912890702035e+03
4.737090415723533624e+03
4.650897956832111959e+03
4.588997133281285642e+03
4.506267493121752523e+03
4.422561079721304850e+03
4.325187627996694573e+03
4.191887150247939644e+03
4.101772701377936755e+03
3.956598673077874082e+03
