1.468265260630779601e+01
1.468917136784560462e+01
1.469497333288733465e+01
1.469964920439331202e+01
1.470385688222908449e+01
1.470933513849072583e+01
1.471486090329271157e+01
1.472142746702771809e+01
1.472792268645104308e+01
1.473193312618597339e+01
1.473862441160261483e+01
1.474274420147409259e+01
1.474759651211626732e+01
1.475216790553135837e+01
1.475879132728629095e+01
1.476826655109956121e+01
1.477351340194120510e+01
1.477775661792391304e+01
1.478227303016311112e+01
1.478817797628748743e+01
1.479313973665209225e+01
1.479760043795630153e+01
1.480618372176049746e+01
1.481090141345780964e+01
1.481972774655385372e+01
