3.954185673074209095e+00
3.956400180223325069e+00
3.958699127987043820e+00
3.961079893125712292e+00
3.963541112050923854e+00
3.966082674016548459e+00
3.968700162774545515e+00
3.971393767784983986e+00
3.974161070526496253e+00
3.976998120667878389e+00
3.979905468786510081e+00
3.982878352593931304e+00
3.985914614019925750e+00
3.989013596531779449e+00
3.992169439110979212e+00
3.995382265421185686e+00
3.998648284324506363e+00
4.001963322356496988e+00
4.005328087661565561e+00
4.008733012563276965e+00
4.012220355503171021e+00
