2.064027558800752260e+01
2.064353212263620208e+01
2.064759270222904064e+01
2.065049948371210675e+01
2.065294930884841307e+01
2.065547432716340381e+01
2.065765850358418376e+01
2.065941030621159058e+01
2.066129928693336382e+01
2.066317245801483082e+01
2.066471119381618848e+01
2.066710682752553296e+01
2.066822568018891104e+01
2.066922992225836708e+01
2.067024367172009036e+01
2.067089947620081247e+01
2.067173740005933169e+01
2.067207486574608666e+01
2.067232255715305200e+01
2.067237603777996213e+01
