1.068488697344966113e+03
1.068821555962437060e+03
1.069236797814453894e+03
1.069534215166944705e+03
1.069785007741877052e+03
1.070043648928734910e+03
1.070267527834518660e+03
1.070447211905952372e+03
1.070641118727843150e+03
1.070833599625135093e+03
1.070991905734724696e+03
1.071238862043476502e+03
1.071354504913849723e+03
1.071458561186411771e+03
1.071563990501862008e+03
1.071632539827061237e+03
1.071720965748393382e+03
1.071757255318492980e+03
1.071784984005403203e+03
1.071792361284163917e+03
