2.000000080735212293e+01
2.001868998314188275e+01
2.003808746745748692e+01
2.005818402534850264e+01
2.007896648207503176e+01
2.010042038323739177e+01
2.012252994052414579e+01
2.014527817863359616e+01
2.016864703881002896e+01
2.019261750308905334e+01
2.021716972305058135e+01
2.024228311323120977e+01
2.026793647174862301e+01
2.029410808024052670e+01
2.032077580419759499e+01
2.034791713857346807e+01
2.037550928773634240e+01
2.040352921051493595e+01
2.043195362094382261e+01
2.046075901587566648e+01
2.048992102660243120e+01
