2.111561235339031484e+01
2.112702192927912392e+01
2.114189957744714476e+01
2.115308711715807277e+01
2.116294051253728981e+01
2.117358831159386767e+01
2.118328970495776886e+01
2.119147356855198794e+01
2.120079448448420223e+01
2.121067925275208310e+01
2.121942060063003765e+01
2.123463323049378459e+01
2.124273147109614612e+01
2.125084542572791690e+01
2.126030036396082679e+01
2.126754463292973441e+01
2.127953871522434781e+01
2.128657509765701050e+01
2.129530170010888313e+01
2.130171637262589002e+01
