2.267689885871169864e+01
2.266139239711752040e+01
2.264091196365131964e+01
2.262530562411906132e+01
2.261140566829754661e+01
2.259621351778123710e+01
2.258220842274393547e+01
2.257026683121881305e+01
2.255651713116103707e+01
2.254175323227385164e+01
2.252853199619209690e+01
2.250512714992350993e+01
2.249244850065412749e+01
2.247958146534593027e+01
2.246436847473946585e+01
2.245254286298679247e+01
2.243261598083319441e+01
2.242070965465178034e+01
2.240570369563146613e+01
2.239449290482466637e+01
