5.980501021925592795e+03
5.978314883708956586e+03
5.975898912708218631e+03
5.971447965798646692e+03
5.970019768073113482e+03
5.967331879042123546e+03
5.965651532387232692e+03
5.964278656312243584e+03
5.962236254278773231e+03
5.960442560864629741e+03
5.957371679824071180e+03
5.954489918894301809e+03
5.951008824075191114e+03
5.947699559310673976e+03
5.946891484168344505e+03
5.945219202842939012e+03
5.944496320037454097e+03
5.943170752111781439e+03
5.942487290573920291e+03
5.939727045906307467e+03
5.938783529170825204e+03
5.938481610119564721e+03
5.938429930752776272e+03
5.938586347200285672e+03
5.938971710481148875e+03
5.939575024304687759e+03
5.940187644411394103e+03
5.940675998800258640e+03
5.941457345862448165e+03
5.943926197301467255e+03
5.946011649877968921e+03
5.948440082545008408e+03
5.949054425716712103e+03
5.954923345292440899e+03
5.958599580023751514e+03
5.963009513752999737e+03
5.967619307131020832e+03
5.973500576016500418e+03
5.979665989254225678e+03
5.983119842485106346e+03
5.992388517727390536e+03
6.002136265297254795e+03
6.003617587246245421e+03
6.007143415950721646e+03
6.011377031321560025e+03
6.016950661701544959e+03
6.023575660730341951e+03
6.030314016088366770e+03
6.037260147946265533e+03
6.044294504425722153e+03
6.047192846073889996e+03
6.051129332700244959e+03
6.054504463090263016e+03
6.061817243567702462e+03
6.069286936977732694e+03
6.076797915220206050e+03
6.084379980998378414e+03
6.092061291579782846e+03
6.098233664549736204e+03
6.099790652802920704e+03
6.101832149470491458e+03
6.113424144320897540e+03
6.122397493884151118e+03
6.131420514193042436e+03
6.140496759845071210e+03
6.149602643360046386e+03
6.157754506299513196e+03
6.165932848798343002e+03
6.178364811039583401e+03
6.183078782212636725e+03
6.189098068828468058e+03
6.197995731784203599e+03
6.207731479804361697e+03
6.218331207672380515e+03
6.229516295759858622e+03
6.240287644811315658e+03
6.251030532394731381e+03
6.260875309076826852e+03
6.270686746995608701e+03
6.280504154401025517e+03
6.290314842097505789e+03
6.300093469907928920e+03
6.309882510574794651e+03
6.319627979411369779e+03
6.329393623860914886e+03
6.336348763087822590e+03
6.351379238575203999e+03
6.366337778891713242e+03
6.378376256465289771e+03
6.391715007155052263e+03
6.404969140224656257e+03
6.419220186797887436e+03
6.421674506575090163e+03
6.437800042344995745e+03
6.444292675766907450e+03
6.451562821275644637e+03
