1.495937174552155469e+01
1.493453607517214898e+01
1.491363765782524986e+01
1.489759912096739924e+01
1.488376518900087930e+01
1.486658434124758976e+01
1.485018355248073618e+01
1.483187416684578963e+01
1.481498978572246550e+01
1.480515808559190916e+01
1.478973764546043590e+01
1.478084202057071828e+01
1.477093689502813234e+01
1.476216069753344406e+01
1.475038000987870568e+01
1.473539702511886951e+01
1.472802048966491029e+01
1.472252279528979102e+01
1.471712246953515724e+01
1.471075081286561037e+01
1.470598888560449957e+01
1.470216054611195311e+01
1.469597351400190988e+01
1.469321981527029841e+01
1.468926815988603352e+01
