2.318103388348545835e+01
2.319495613731754347e+01
2.321320557595687006e+01
2.322700385643197407e+01
2.323921326475817040e+01
2.325246979345030596e+01
2.326460778398688944e+01
2.327489365551679512e+01
2.328666313474882088e+01
2.329921134086896473e+01
2.331036846225978465e+01
2.332993011615429069e+01
2.334042377713156213e+01
2.335099772892031211e+01
2.336339951671248727e+01
2.337296368105502253e+01
2.338892593118115570e+01
2.339836933954448739e+01
2.341016883161221074e+01
2.341890828461317753e+01
