3.392249494972285447e+03
3.394874582336963158e+03
3.397094542645264937e+03
3.398806031842334505e+03
3.400288347349311152e+03
3.402138089268416479e+03
3.403914170574012587e+03
3.405910798882395738e+03
3.407767354262939534e+03
3.408856373807887849e+03
3.410578415250803118e+03
3.411580865502998677e+03
3.412706310869518347e+03
3.413712967100746027e+03
3.415081218905448168e+03
3.416858034419186879e+03
3.417753088191499955e+03
3.418431762984790566e+03
3.419110556657695724e+03
3.419931520005633502e+03
3.420564194056464657e+03
3.421089268208590966e+03
3.421985737053500543e+03
3.422416007931782588e+03
3.423105116496801656e+03
