2.428028250392916561e+03
2.447817160088085984e+03
2.459162993273327629e+03
2.472986415742224835e+03
2.488030180748921339e+03
2.497903350913901249e+03
2.510024002640791423e+03
2.531411248796477139e+03
2.544348447341181327e+03
2.555860949633601194e+03
2.568997343149125754e+03
2.582325579003883377e+03
2.592778117736989316e+03
2.603879897307030660e+03
2.619867918670054678e+03
2.631190763586807861e+03
2.642776476736956738e+03
2.654690931133818140e+03
2.667115795486216939e+03
2.681080217873181027e+03
2.696917725976479232e+03
2.708263337068558030e+03
2.723390743978915452e+03
2.738656346518453574e+03
2.756365116853616200e+03
2.780525343099434849e+03
2.796806548062162165e+03
2.822951815344312763e+03
