5.452966470549845326e+03
5.471295400894176055e+03
5.487265245364769726e+03
5.499906565953758218e+03
5.511111569999090534e+03
5.525463533648888188e+03
5.539675298424673201e+03
5.556227596163133967e+03
5.572250781331746111e+03
5.581975150083063454e+03
5.597919785662847062e+03
5.607566273642976739e+03
5.618764958129531806e+03
5.629157069118707113e+03
5.643947680704260165e+03
5.664573865252099495e+03
5.675733355309420404e+03
5.684624948749072246e+03
5.693960448293176341e+03
5.705969806390317899e+03
5.715892289154813625e+03
5.724683794449833840e+03
5.741264417872418562e+03
5.750193453841314295e+03
5.766556878614338530e+03
