2.181100758483080426e+01
2.137859532701259013e+01
2.104896966191881802e+01
2.079818651896493975e+01
2.060734794325071562e+01
2.046213457704288885e+01
2.035163259268665570e+01
2.026754241019261826e+01
2.020354614675852645e+01
2.015483627986395732e+01
2.011775124688756478e+01
2.008950372557228548e+01
2.006796840040624375e+01
2.005152282661583740e+01
2.003892515642291983e+01
2.002921952991528087e+01
2.002166371578641701e+01
2.001566995731263887e+01
2.001076365857079509e+01
2.000652482493751450e+01
2.000274653290398419e+01
